100 0 0
100 -1 3
100 -2 5
100 -3 8
100 -4 10
100 -5 13
100 -6 15
100 -7 18
100 -8 20
100 -9 23
100 -10 25
99 -11 27
99 -12 30
99 -13 32
99 -14 35
99 -15 38
99 -16 40
99 -17 43
98 -18 45
98 -19 48
98 -20 50
98 -21 53
98 -22 55
97 -23 58
97 -24 60
97 -25 63
97 -26 65
96 -27 68
96 -28 70
96 -29 73
96 -30 75
95 -31 78
95 -31 80
95 -32 83
94 -33 85
94 -34 88
94 -35 90
93 -36 93
93 -37 95
92 -38 98
92 -39 100
92 -40 103
91 -41 105
91 -42 108
90 -43 110
90 -43 113
90 -44 115
89 -45 118
89 -46 120
88 -47 123
88 -48 125
87 -49 128
87 -50 130
86 -51 133
86 -51 135
85 -52 138
85 -53 140
84 -54 143
84 -55 145
83 -56 148
83 -56 150
82 -57 153
81 -58 155
81 -59 158
80 -60 160
80 -61 163
79 -61 165
78 -62 168
78 -63 170
77 -64 173
76 -64 175
76 -65 178
75 -66 180
75 -67 183
74 -67 185
73 -68 188
72 -69 190
72 -70 193
71 -70 195
70 -71 198
70 -72 200
69 -72 203
68 -73 205
67 -74 208
67 -74 210
66 -75 213
65 -76 215
64 -76 218
64 -77 220
63 -78 223
62 -78 225
61 -79 228
61 -80 230
60 -80 233
59 -81 235
58 -81 238
57 -82 240
57 -82 243
56 -83 245
55 -84 248
54 -84 250
53 -85 253
52 -85 255
51 -86 258
51 -86 260
50 -87 263
49 -87 265
48 -88 268
47 -88 270
46 -89 273
45 -89 275
44 -90 278
44 -90 280
43 -90 283
42 -91 285
41 -91 288
40 -92 290
39 -92 293
38 -92 295
37 -93 298
36 -93 300
35 -94 303
34 -94 305
33 -94 308
32 -95 310
32 -95 313
31 -95 315
30 -96 318
29 -96 320
28 -96 323
27 -96 325
26 -97 328
25 -97 330
24 -97 333
23 -97 335
22 -98 338
21 -98 340
20 -98 343
19 -98 345
18 -98 348
17 -99 350
16 -99 353
15 -99 355
14 -99 358
13 -99 360
12 -99 363
11 -99 365
10 -99 368
9 -100 370
8 -100 373
7 -100 375
6 -100 378
5 -100 380
4 -100 383
3 -100 385
2 -100 388
1 -100 390
0 -100 393
-1 -100 395
-2 -100 398
-3 -100 400
-4 -100 403
-5 -100 405
-6 -100 408
-7 -100 410
-8 -100 413
-9 -100 415
-10 -100 418
-11 -99 420
-12 -99 423
-13 -99 425
-14 -99 428
-15 -99 430
-16 -99 433
-17 -99 435
-18 -98 438
-19 -98 440
-20 -98 443
-21 -98 445
-22 -98 448
-23 -97 450
-24 -97 453
-25 -97 455
-26 -97 458
-27 -96 460
-28 -96 463
-29 -96 465
-29 -96 468
-30 -95 470
-31 -95 473
-32 -95 475
-33 -94 478
-34 -94 480
-35 -94 483
-36 -93 485
-37 -93 488
-38 -93 490
-39 -92 493
-40 -92 495
-41 -91 498
-42 -91 500
-43 -91 503
-43 -90 505
-44 -90 508
-45 -89 510
-46 -89 513
-47 -88 515
-48 -88 518
-49 -87 520
-50 -87 522
-50 -86 525
-51 -86 527
-52 -85 530
-53 -85 532
-54 -84 535
-55 -84 537
-56 -83 540
-56 -83 542
-57 -82 545
-58 -81 547
-59 -81 550
-60 -80 552
-60 -80 555
-61 -79 557
-62 -78 560
-63 -78 562
-64 -77 565
-64 -77 567
-65 -76 570
-66 -75 572
-67 -75 575
-67 -74 577
-68 -73 580
-69 -73 582
-70 -72 585
-70 -71 587
-71 -70 590
-72 -70 592
-72 -69 595
-73 -68 597
-74 -68 600
-74 -67 602
-75 -66 605
-76 -65 607
-76 -65 610
-77 -64 612
-78 -63 615
-78 -62 617
-79 -61 620
-80 -61 622
-80 -60 625
-81 -59 627
-81 -58 630
-82 -57 632
-82 -57 635
-83 -56 637
-84 -55 640
-84 -54 642
-85 -53 645
-85 -52 647
-86 -52 650
-86 -51 652
-87 -50 655
-87 -49 657
-88 -48 660
-88 -47 662
-89 -46 665
-89 -45 667
-90 -45 670
-90 -44 672
-90 -43 675
-91 -42 677
-91 -41 680
-92 -40 682
-92 -39 685
-92 -38 687
-93 -37 690
-93 -36 692
-94 -35 695
-94 -34 697
-94 -33 700
-95 -33 702
-95 -32 705
-95 -31 707
-95 -30 710
-96 -29 712
-96 -28 715
-96 -27 717
-97 -26 720
-97 -25 722
-97 -24 725
-97 -23 727
-98 -22 730
-98 -21 732
-98 -20 735
-98 -19 737
-98 -18 740
-99 -17 742
-99 -16 745
-99 -15 747
-99 -14 750
-99 -13 752
-99 -12 755
-99 -11 757
-99 -10 760
-100 -9 762
-100 -8 765
-100 -7 767
-100 -6 770
-100 -5 772
-100 -4 775
-100 -3 777
-100 -2 780
-100 -1 782
-100 0 785
-100 1 787
-100 2 790
-100 3 792
-100 4 795
-100 5 797
-100 6 800
-100 7 802
-100 8 805
-100 9 807
-100 10 810
-99 11 812
-99 12 815
-99 13 817
-99 14 820
-99 15 822
-99 16 825
-99 17 827
-98 18 830
-98 19 832
-98 20 835
-98 21 837
-98 22 840
-97 23 842
-97 24 845
-97 25 847
-97 26 850
-96 27 852
-96 27 855
-96 28 857
-96 29 860
-95 30 862
-95 31 865
-95 32 867
-94 33 870
-94 34 872
-94 35 875
-93 36 877
-93 37 880
-93 38 882
-92 39 885
-92 40 887
-91 41 890
-91 42 892
-91 42 895
-90 43 897
-90 44 900
-89 45 902
-89 46 905
-88 47 907
-88 48 910
-87 49 912
-87 50 915
-86 50 917
-86 51 920
-85 52 922
-85 53 925
-84 54 927
-84 55 930
-83 56 932
-83 56 935
-82 57 937
-81 58 940
-81 59 942
-80 60 945
-80 60 947
-79 61 950
-78 62 952
-78 63 955
-77 64 957
-77 64 960
-76 65 962
-75 66 965
-75 67 967
-74 67 970
-73 68 972
-73 69 975
-72 69 977
-71 70 980
-70 71 982
-70 72 985
-69 72 987
-68 73 990
-68 74 992
-67 74 995
-66 75 997
-65 76 1000
-65 76 1002
-64 77 1005
-63 78 1007
-62 78 1010
-62 79 1012
-61 79 1015
-60 80 1017
-59 81 1020
-58 81 1022
-57 82 1025
-57 82 1027
-56 83 1030
-55 84 1032
-54 84 1035
-53 85 1037
-52 85 1040
-52 86 1042
-51 86 1045
-50 87 1047
-49 87 1050
-48 88 1052
-47 88 1055
-46 89 1057
-46 89 1060
-45 89 1062
-44 90 1065
-43 90 1067
-42 91 1070
-41 91 1072
-40 92 1075
-39 92 1077
-38 92 1080
-37 93 1082
-36 93 1085
-35 94 1087
-35 94 1090
-34 94 1092
-33 95 1095
-32 95 1097
-31 95 1100
-30 95 1102
-29 96 1105
-28 96 1107
-27 96 1110
-26 97 1112
-25 97 1115
-24 97 1117
-23 97 1120
-22 98 1122
-21 98 1125
-20 98 1127
-19 98 1130
-18 98 1132
-17 99 1135
-16 99 1137
-15 99 1140
-14 99 1142
-13 99 1145
-12 99 1147
-11 99 1150
-10 99 1152
-9 100 1155
-8 100 1157
-7 100 1160
-6 100 1162
-5 100 1165
-4 100 1167
-3 100 1170
-2 100 1172
-1 100 1175
0 100 1177
1 100 1180
2 100 1182
3 100 1185
4 100 1187
5 100 1190
6 100 1192
7 100 1195
8 100 1197
9 100 1200
10 100 1202
11 99 1205
12 99 1207
13 99 1210
14 99 1212
15 99 1215
16 99 1217
17 99 1220
18 98 1222
19 98 1225
20 98 1227
21 98 1230
22 98 1232
23 97 1235
24 97 1237
25 97 1240
25 97 1242
26 96 1245
27 96 1247
28 96 1250
29 96 1252
30 95 1255
31 95 1257
32 95 1260
33 94 1262
34 94 1265
35 94 1267
36 93 1270
37 93 1272
38 93 1275
39 92 1277
40 92 1280
41 91 1282
41 91 1285
42 91 1287
43 90 1290
44 90 1292
45 89 1295
46 89 1297
47 88 1300
48 88 1302
49 87 1305
49 87 1307
50 86 1310
51 86 1312
52 85 1315
53 85 1317
54 84 1320
55 84 1322
55 83 1325
56 83 1327
57 82 1330
58 82 1332
59 81 1335
60 80 1337
60 80 1340
61 79 1342
62 79 1345
63 78 1347
63 77 1350
64 77 1352
65 76 1355
66 75 1357
67 75 1360
67 74 1362
68 73 1365
69 73 1367
69 72 1370
70 71 1372
71 71 1375
72 70 1377
72 69 1380
73 68 1382
74 68 1385
74 67 1387
75 66 1390
76 65 1392
76 65 1395
77 64 1397
78 63 1400
78 62 1402
79 62 1405
79 61 1407
80 60 1410
81 59 1412
81 58 1415
82 58 1417
82 57 1420
83 56 1422
83 55 1425
84 54 1427
85 53 1430
85 53 1432
86 52 1435
86 51 1437
87 50 1440
87 49 1442
88 48 1445
88 47 1447
89 46 1450
89 46 1452
89 45 1455
90 44 1457
90 43 1460
91 42 1462
91 41 1465
92 40 1467
92 39 1470
92 38 1472
93 37 1475
93 36 1477
93 36 1480
94 35 1482
94 34 1485
95 33 1487
95 32 1490
95 31 1492
95 30 1495
96 29 1497
96 28 1500
96 27 1502
97 26 1505
97 25 1507
97 24 1510
97 23 1512
98 22 1515
98 21 1517
98 20 1520
98 19 1522
98 18 1525
99 17 1527
99 16 1530
99 15 1532
99 14 1535
99 13 1537
99 12 1540
99 11 1542
99 10 1545
100 9 1547
100 8 1550
100 7 1552
100 6 1555
100 5 1557
100 4 1560
100 3 1562
100 2 1565
100 1 1567
100 0 1570
100 -1 1572
100 -2 1575
100 -3 1577
100 -4 1580
100 -5 1582
100 -6 1585
100 -7 1587
100 -8 1590
100 -9 1592
100 -10 1595
99 -11 1597
99 -12 1600
99 -13 1602
99 -14 1605
99 -15 1607
99 -16 1610
99 -17 1612
98 -18 1615
98 -19 1617
98 -20 1620
98 -21 1622
98 -22 1625
97 -22 1627
97 -23 1630
97 -24 1632
97 -25 1635
96 -26 1637
96 -27 1640
96 -28 1642
96 -29 1645
95 -30 1647
95 -31 1650
95 -32 1652
94 -33 1655
94 -34 1657
94 -35 1660
93 -36 1662
93 -37 1665
93 -38 1667
92 -39 1670
92 -40 1672
91 -40 1675
91 -41 1677
91 -42 1680
90 -43 1682
90 -44 1685
89 -45 1687
89 -46 1690
88 -47 1692
88 -48 1695
87 -49 1697
87 -49 1700
86 -50 1702
86 -51 1705
85 -52 1707
85 -53 1710
84 -54 1712
84 -55 1715
83 -55 1717
83 -56 1720
82 -57 1722
82 -58 1725
81 -59 1727
80 -59 1730
80 -60 1732
79 -61 1735
79 -62 1737
78 -63 1740
77 -63 1742
77 -64 1745
76 -65 1747
75 -66 1750
75 -66 1752
74 -67 1755
73 -68 1757
73 -69 1760
72 -69 1762
71 -70 1765
71 -71 1767
70 -72 1770
69 -72 1772
68 -73 1775
68 -74 1777
67 -74 1780
66 -75 1782
65 -76 1785
65 -76 1787
64 -77 1790
63 -78 1792
62 -78 1795
62 -79 1797
61 -79 1800
60 -80 1802
59 -81 1805
58 -81 1807
58 -82 1810
57 -82 1812
56 -83 1815
55 -83 1817
54 -84 1820
53 -85 1822
53 -85 1825
52 -86 1827
51 -86 1830
50 -87 1832
49 -87 1835
48 -88 1837
47 -88 1840
47 -89 1842
46 -89 1845
45 -89 1847
44 -90 1850
43 -90 1852
42 -91 1855
41 -91 1857
40 -92 1860
39 -92 1862
38 -92 1865
37 -93 1867
37 -93 1870
36 -93 1872
35 -94 1875
34 -94 1877
33 -94 1880
32 -95 1882
31 -95 1885
30 -95 1887
29 -96 1890
28 -96 1892
27 -96 1895
26 -97 1897
25 -97 1900
24 -97 1902
23 -97 1905
22 -98 1907
21 -98 1910
20 -98 1912
19 -98 1915
18 -98 1917
17 -98 1920
16 -99 1922
15 -99 1925
14 -99 1927
13 -99 1930
12 -99 1932
11 -99 1935
10 -99 1937
9 -100 1940
8 -100 1942
7 -100 1945
6 -100 1947
5 -100 1950
4 -100 1952
3 -100 1955
2 -100 1957
1 -100 1960
0 -100 1962
-1 -100 1965
-2 -100 1967
-3 -100 1970
-4 -100 1972
-5 -100 1975
-6 -100 1977
-7 -100 1980
-8 -100 1982
-9 -100 1985
-10 -100 1987
-11 -99 1990
-12 -99 1992
-13 -99 1995
-14 -99 1997
-15 -99 2000
-16 -99 2002
-17 -99 2005
-18 -98 2007
-18 -98 2010
-19 -98 2012
-20 -98 2015
-21 -98 2017
-22 -97 2020
-23 -97 2022
-24 -97 2025
-25 -97 2027
-26 -96 2030
-27 -96 2032
-28 -96 2035
-29 -96 2037
-30 -95 2040
-31 -95 2042
-32 -95 2045
-33 -94 2047
-34 -94 2050
-35 -94 2052
-36 -93 2055
-37 -93 2057
-38 -93 2060
-39 -92 2062
-39 -92 2065
-40 -91 2067
-41 -91 2070
-42 -91 2072
-43 -90 2075
-44 -90 2077
-45 -89 2080
-46 -89 2082
-47 -88 2085
-48 -88 2087
-48 -87 2090
-49 -87 2092
-50 -86 2095
-51 -86 2097
-52 -85 2100
-53 -85 2102
-54 -84 2105
-54 -84 2107
-55 -83 2110
-56 -83 2112
-57 -82 2115
-58 -82 2117
-59 -81 2120
-59 -80 2122
-60 -80 2125
-61 -79 2127
-62 -79 2130
-63 -78 2132
-63 -77 2135
-64 -77 2137
-65 -76 2140
-66 -75 2142
-66 -75 2145
-67 -74 2147
-68 -73 2150
-69 -73 2152
-69 -72 2155
-70 -71 2157
-71 -71 2160
-71 -70 2162
-72 -69 2165
-73 -69 2167
-74 -68 2170
-74 -67 2172
-75 -66 2175
-76 -66 2177
-76 -65 2180
-77 -64 2182
-77 -63 2185
-78 -62 2187
-79 -62 2190
-79 -61 2192
-80 -60 2195
-81 -59 2197
-81 -58 2200
-82 -58 2202
-82 -57 2205
-83 -56 2207
-83 -55 2210
-84 -54 2212
-84 -54 2215
-85 -53 2217
-86 -52 2220
-86 -51 2222
-87 -50 2225
-87 -49 2227
-88 -48 2230
-88 -47 2232
-88 -47 2235
-89 -46 2237
-89 -45 2240
-90 -44 2242
-90 -43 2245
-91 -42 2247
-91 -41 2250
-92 -40 2252
-92 -39 2255
-92 -38 2257
-93 -38 2260
-93 -37 2262
-93 -36 2265
-94 -35 2267
-94 -34 2270
-94 -33 2272
-95 -32 2275
-95 -31 2277
-95 -30 2280
-96 -29 2282
-96 -28 2285
-96 -27 2287
-97 -26 2290
-97 -25 2292
-97 -24 2295
-97 -23 2297
-97 -22 2300
-98 -21 2302
-98 -20 2305
-98 -19 2307
-98 -18 2310
-98 -17 2312
-99 -16 2315
-99 -15 2317
-99 -14 2320
-99 -13 2322
-99 -12 2325
-99 -11 2327
-99 -10 2330
-100 -9 2332
-100 -8 2335
-100 -7 2337
-100 -6 2340
-100 -5 2342
-100 -4 2345
-100 -3 2347
-100 -2 2350
-100 -1 2352
-100 0 2355
-100 1 2357
-100 2 2360
-100 3 2362
-100 4 2365
-100 5 2367
-100 6 2370
-100 7 2372
-100 8 2375
-100 9 2377
-100 10 2380
-99 11 2382
-99 11 2385
-99 12 2387
-99 13 2390
-99 14 2392
-99 15 2395
-99 16 2397
-98 17 2400
-98 18 2402
-98 19 2405
-98 20 2407
-98 21 2410
-97 22 2412
-97 23 2415
-97 24 2417
-97 25 2420
-97 26 2422
-96 27 2425
-96 28 2427
-96 29 2430
-95 30 2432
-95 31 2435
-95 32 2437
-94 33 2440
-94 34 2442
-94 35 2445
-93 36 2447
-93 37 2450
-93 38 2452
-92 39 2455
-92 39 2457
-92 40 2460
-91 41 2462
-91 42 2465
-90 43 2467
-90 44 2470
-89 45 2472
-89 46 2475
-88 47 2477
-88 48 2480
-88 48 2482
-87 49 2485
-87 50 2487
-86 51 2490
-86 52 2492
-85 53 2495
-84 54 2497
-84 54 2500
-83 55 2502
-83 56 2505
-82 57 2507
-82 58 2510
-81 59 2512
-80 59 2515
-80 60 2517
-79 61 2520
-79 62 2522
-78 63 2525
-77 63 2527
-77 64 2530
-76 65 2532
-75 66 2535
-75 66 2537
-74 67 2540
-73 68 2542
-73 69 2545
-72 69 2547
-71 70 2550
-71 71 2552
-70 71 2555
-69 72 2557
-69 73 2560
-68 73 2562
-67 74 2565
-66 75 2567
-66 75 2570
-65 76 2572
-64 77 2575
-63 77 2577
-63 78 2580
-62 79 2582
-61 79 2585
-60 80 2587
-59 80 2590
-59 81 2592
-58 82 2595
-57 82 2597
-56 83 2600
-55 83 2602
-54 84 2605
-54 84 2607
-53 85 2610
-52 85 2612
-51 86 2615
-50 87 2617
-49 87 2620
-48 87 2622
-48 88 2625
-47 88 2627
-46 89 2630
-45 89 2632
-44 90 2635
-43 90 2637
-42 91 2640
-41 91 2642
-40 91 2645
-39 92 2647
-39 92 2650
-38 93 2652
-37 93 2655
-36 93 2657
-35 94 2660
-34 94 2662
-33 94 2665
-32 95 2667
-31 95 2670
-30 95 2672
-29 96 2675
-28 96 2677
-27 96 2680
-26 96 2682
-25 97 2685
-24 97 2687
-23 97 2690
-22 97 2692
-21 98 2695
-20 98 2697
-19 98 2700
-18 98 2702
-17 98 2705
-16 99 2707
-15 99 2710
-15 99 2712
-14 99 2715
-13 99 2717
-12 99 2720
-11 99 2722
-10 100 2725
-9 100 2727
-8 100 2730
-7 100 2732
-6 100 2735
-5 100 2737
-4 100 2740
-3 100 2742
-2 100 2745
-1 100 2747
0 100 2750
1 100 2752
2 100 2755
3 100 2757
4 100 2760
5 100 2762
6 100 2765
7 100 2767
8 100 2770
9 100 2772
10 99 2775
11 99 2777
12 99 2780
13 99 2782
14 99 2785
15 99 2787
16 99 2790
17 98 2792
18 98 2795
19 98 2797
20 98 2800
21 98 2802
22 97 2805
23 97 2807
24 97 2810
25 97 2812
26 97 2815
27 96 2817
28 96 2820
29 96 2822
30 95 2825
31 95 2827
32 95 2830
33 94 2832
34 94 2835
35 94 2837
36 93 2840
37 93 2842
38 93 2845
38 92 2847
39 92 2850
40 92 2852
41 91 2855
42 91 2857
43 90 2860
44 90 2862
45 89 2865
46 89 2867
47 88 2870
47 88 2872
48 88 2875
49 87 2877
50 87 2880
51 86 2882
52 86 2885
53 85 2887
53 84 2890
54 84 2892
55 83 2895
56 83 2897
57 82 2900
58 82 2902
58 81 2905
59 81 2907
60 80 2910
61 79 2912
62 79 2915
62 78 2917
63 77 2920
64 77 2922
65 76 2925
66 76 2927
66 75 2930
67 74 2932
68 74 2935
68 73 2937
69 72 2940
70 71 2942
71 71 2945
71 70 2947
72 69 2950
73 69 2952
73 68 2955
74 67 2957
75 66 2960
75 66 2962
76 65 2965
77 64 2967
77 63 2970
78 63 2972
79 62 2975
79 61 2977
80 60 2980
80 59 2982
81 59 2985
82 58 2987
82 57 2990
83 56 2992
83 55 2995
84 54 2997
84 54 3000
85 53 3002
85 52 3005
86 51 3007
86 50 3010
87 49 3012
87 49 3015
88 48 3017
88 47 3020
89 46 3022
89 45 3025
90 44 3027
90 43 3030
91 42 3032
91 41 3035
91 40 3037
92 40 3040
92 39 3042
93 38 3045
93 37 3047
93 36 3050
94 35 3052
94 34 3055
94 33 3057
95 32 3060
95 31 3062
95 30 3065
96 29 3067
96 28 3070
96 27 3072
96 26 3075
97 25 3077
97 24 3080
97 23 3082
97 22 3085
98 21 3087
98 20 3090
98 20 3092
98 19 3095
98 18 3097
99 17 3100
99 16 3102
99 15 3105
99 14 3107
99 13 3110
99 12 3112
99 11 3115
100 10 3117
100 9 3120
100 8 3122
100 7 3125
100 6 3127
100 5 3130
100 4 3132
100 3 3135
100 2 3137
100 1 3140
100 0 3142
100 -1 3145
100 -2 3147
100 -3 3150
100 -4 3152
100 -5 3155
100 -6 3157
100 -7 3160
100 -8 3162
100 -9 3165
99 -10 3167
99 -11 3170
99 -12 3172
99 -13 3175
99 -14 3177
99 -15 3180
99 -16 3182
98 -17 3185
98 -18 3187
98 -19 3190
98 -20 3192
98 -21 3195
98 -22 3197
97 -23 3200
97 -24 3202
97 -25 3205
97 -26 3207
96 -27 3210
96 -28 3212
96 -29 3215
95 -30 3217
95 -31 3220
95 -32 3222
94 -33 3225
94 -34 3227
94 -35 3230
93 -36 3232
93 -36 3235
93 -37 3237
92 -38 3240
92 -39 3242
92 -40 3245
91 -41 3247
91 -42 3250
90 -43 3252
90 -44 3255
89 -45 3257
89 -46 3260
89 -46 3262
88 -47 3265
88 -48 3267
87 -49 3270
87 -50 3272
86 -51 3275
86 -52 3277
85 -53 3280
85 -53 3282
84 -54 3285
83 -55 3287
83 -56 3290
82 -57 3292
82 -58 3295
81 -58 3297
81 -59 3300
80 -60 3302
79 -61 3305
79 -62 3307
78 -62 3310
78 -63 3312
77 -64 3315
76 -65 3317
76 -65 3320
75 -66 3322
74 -67 3325
74 -68 3327
73 -68 3330
72 -69 3332
72 -70 3335
71 -71 3337
70 -71 3340
69 -72 3342
69 -73 3345
68 -73 3347
67 -74 3350
66 -75 3352
66 -75 3355
65 -76 3357
64 -77 3360
63 -77 3362
63 -78 3365
62 -79 3367
61 -79 3370
60 -80 3372
59 -80 3375
59 -81 3377
58 -82 3380
57 -82 3382
56 -83 3385
55 -83 3387
55 -84 3390
54 -84 3392
53 -85 3395
52 -85 3397
51 -86 3400
50 -86 3402
49 -87 3405
49 -87 3407
48 -88 3410
47 -88 3412
46 -89 3415
45 -89 3417
44 -90 3420
43 -90 3422
42 -91 3425
41 -91 3427
41 -91 3430
40 -92 3432
39 -92 3435
38 -93 3437
37 -93 3440
36 -93 3442
35 -94 3445
34 -94 3447
33 -94 3450
32 -95 3452
31 -95 3455
30 -95 3457
29 -96 3460
28 -96 3462
27 -96 3465
26 -96 3467
25 -97 3470
24 -97 3472
23 -97 3475
23 -97 3477
22 -98 3480
21 -98 3482
20 -98 3485
19 -98 3487
18 -98 3490
17 -99 3492
16 -99 3495
15 -99 3497
14 -99 3500
13 -99 3502
12 -99 3505
11 -99 3507
10 -100 3510
9 -100 3512
8 -100 3515
7 -100 3517
6 -100 3520
5 -100 3522
4 -100 3525
3 -100 3527
2 -100 3530
1 -100 3532
0 -100 3535
-1 -100 3537
-2 -100 3540
-3 -100 3542
-4 -100 3545
-5 -100 3547
-6 -100 3550
-7 -100 3552
-8 -100 3555
-9 -100 3557
-10 -99 3560
-11 -99 3562
-12 -99 3565
-13 -99 3567
-14 -99 3570
-15 -99 3572
-16 -99 3575
-17 -99 3577
-18 -98 3580
-19 -98 3582
-20 -98 3585
-21 -98 3587
-22 -98 3590
-23 -97 3592
-24 -97 3595
-25 -97 3597
-26 -97 3600
-27 -96 3602
-28 -96 3605
-29 -96 3607
-30 -95 3610
-31 -95 3612
-32 -95 3615
-33 -95 3617
-34 -94 3620
-35 -94 3622
-35 -93 3625
-36 -93 3627
-37 -93 3630
-38 -92 3632
-39 -92 3635
-40 -92 3637
-41 -91 3640
-42 -91 3642
-43 -90 3645
-44 -90 3647
-45 -89 3650
-46 -89 3652
-46 -89 3655
-47 -88 3657
-48 -88 3660
-49 -87 3662
-50 -87 3665
-51 -86 3667
-52 -86 3670
-53 -85 3672
-53 -85 3675
-54 -84 3677
-55 -83 3680
-56 -83 3682
-57 -82 3685
-58 -82 3687
-58 -81 3690
-59 -81 3692
-60 -80 3695
-61 -79 3697
-62 -79 3700
-62 -78 3702
-63 -78 3705
-64 -77 3707
-65 -76 3710
-65 -76 3712
-66 -75 3715
-67 -74 3717
-68 -74 3720
-68 -73 3722
-69 -72 3725
-70 -72 3727
-71 -71 3730
-71 -70 3732
-72 -69 3735
-73 -69 3737
-73 -68 3740
-74 -67 3742
-75 -67 3745
-75 -66 3747
-76 -65 3750
-77 -64 3752
-77 -63 3755
-78 -63 3757
-79 -62 3760
-79 -61 3762
-80 -60 3765
-80 -60 3767
-81 -59 3770
-82 -58 3772
-82 -57 3775
-83 -56 3777
-83 -55 3780
-84 -55 3782
-84 -54 3785
-85 -53 3787
-85 -52 3790
-86 -51 3792
-86 -50 3795
-87 -50 3797
-87 -49 3800
-88 -48 3802
-88 -47 3805
-89 -46 3807
-89 -45 3810
-90 -44 3812
-90 -43 3815
-91 -42 3817
-91 -42 3820
-91 -41 3822
-92 -40 3825
-92 -39 3827
-93 -38 3830
-93 -37 3832
-93 -36 3835
-94 -35 3837
-94 -34 3840
-94 -33 3842
-95 -32 3845
-95 -31 3847
-95 -30 3850
-96 -29 3852
-96 -28 3855
-96 -27 3857
-96 -26 3860
-97 -26 3862
-97 -25 3865
-97 -24 3867
-97 -23 3870
-98 -22 3872
-98 -21 3875
-98 -20 3877
-98 -19 3880
-98 -18 3882
-99 -17 3885
-99 -16 3887
-99 -15 3890
-99 -14 3892
-99 -13 3895
-99 -12 3897
-99 -11 3900
-100 -10 3902
-100 -9 3905
-100 -8 3907
-100 -7 3910
-100 -6 3912
-100 -5 3915
-100 -4 3917
-100 -3 3920
-100 -2 3922
-100 -1 3925
-100 0 3927
-100 1 3930
-100 2 3932
-100 3 3935
-100 4 3937
-100 5 3940
-100 6 3942
-100 7 3945
-100 8 3947
-100 9 3950
-99 10 3952
-99 11 3955
-99 12 3957
-99 13 3960
-99 14 3962
-99 15 3965
-99 16 3967
-99 17 3970
-98 18 3972
-98 19 3975
-98 20 3977
-98 21 3980
-98 22 3982
-97 23 3985
-97 24 3987
-97 25 3990
-97 26 3992
-96 27 3995
-96 28 3997
-96 29 4000
-95 30 4002
-95 31 4005
-95 32 4007
-95 33 4010
-94 34 4012
-94 34 4015
-94 35 4017
-93 36 4020
-93 37 4022
-92 38 4025
-92 39 4027
-92 40 4030
-91 41 4032
-91 42 4035
-90 43 4037
-90 44 4040
-90 45 4042
-89 45 4045
-89 46 4047
-88 47 4050
-88 48 4052
-87 49 4055
-87 50 4057
-86 51 4060
-86 52 4062
-85 52 4065
-85 53 4067
-84 54 4070
-84 55 4072
-83 56 4075
-82 57 4077
-82 57 4080
-81 58 4082
-81 59 4085
-80 60 4087
-79 61 4090
-79 61 4092
-78 62 4095
-78 63 4097
-77 64 4100
-76 65 4102
-76 65 4105
-75 66 4107
-74 67 4110
-74 68 4112
-73 68 4115
-72 69 4117
-72 70 4120
-71 70 4122
-70 71 4125
-70 72 4127
-69 73 4130
-68 73 4132
-67 74 4135
-67 75 4137
-66 75 4140
-65 76 4142
-64 77 4145
-64 77 4147
-63 78 4150
-62 78 4152
-61 79 4155
-60 80 4157
-60 80 4160
-59 81 4162
-58 81 4165
-57 82 4167
-56 83 4170
-56 83 4172
-55 84 4175
-54 84 4177
-53 85 4180
-52 85 4182
-51 86 4185
-50 86 4187
-50 87 4190
-49 87 4192
-48 88 4195
-47 88 4197
-46 89 4200
-45 89 4202
-44 90 4205
-43 90 4207
-42 91 4210
-42 91 4212
-41 91 4215
-40 92 4217
-39 92 4220
-38 93 4222
-37 93 4225
-36 93 4227
-35 94 4230
-34 94 4232
-33 94 4235
-32 95 4237
-31 95 4240
-30 95 4242
-29 96 4245
-28 96 4247
-28 96 4250
-27 96 4252
-26 97 4255
-25 97 4257
-24 97 4260
-23 97 4262
-22 98 4265
-21 98 4267
-20 98 4270
-19 98 4272
-18 98 4275
-17 99 4277
-16 99 4280
-15 99 4282
-14 99 4285
-13 99 4287
-12 99 4290
-11 99 4292
-10 100 4295
-9 100 4297
-8 100 4300
-7 100 4302
-6 100 4305
-5 100 4307
-4 100 4310
-3 100 4312
-2 100 4315
-1 100 4317
0 100 4320
1 100 4322
2 100 4325
3 100 4327
4 100 4330
5 100 4332
6 100 4335
7 100 4337
8 100 4340
9 100 4342
10 99 4345
11 99 4347
12 99 4350
13 99 4352
14 99 4355
15 99 4357
16 99 4360
17 99 4362
18 98 4365
19 98 4367
20 98 4370
21 98 4372
22 98 4375
23 97 4377
24 97 4380
25 97 4382
26 97 4385
27 96 4387
28 96 4390
29 96 4392
30 95 4395
31 95 4397
32 95 4400
33 95 4402
33 94 4405
34 94 4407
35 94 4410
36 93 4412
37 93 4415
38 92 4417
39 92 4420
40 92 4422
41 91 4425
42 91 4427
43 90 4430
44 90 4432
45 90 4435
45 89 4437
46 89 4440
47 88 4442
48 88 4445
49 87 4447
50 87 4450
51 86 4452
52 86 4455
52 85 4457
53 85 4460
54 84 4462
55 84 4465
56 83 4467
57 82 4470
57 82 4472
58 81 4475
59 81 4478
60 80 4480
61 80 4483
61 79 4485
62 78 4488
63 78 4490
64 77 4493
65 76 4495
65 76 4498
66 75 4500
67 74 4503
68 74 4505
68 73 4508
69 72 4510
70 72 4513
70 71 4515
71 70 4518
72 70 4520
73 69 4523
73 68 4525
74 67 4528
75 67 4530
75 66 4533
76 65 4535
77 64 4538
77 64 4540
78 63 4543
78 62 4545
79 61 4548
80 60 4550
80 60 4553
81 59 4555
81 58 4558
82 57 4560
83 56 4563
83 56 4565
84 55 4568
84 54 4570
85 53 4573
85 52 4575
86 51 4578
86 51 4580
87 50 4583
87 49 4585
88 48 4588
88 47 4590
89 46 4593
89 45 4595
90 44 4598
90 43 4600
90 43 4603
91 42 4605
91 41 4608
92 40 4610
92 39 4613
93 38 4615
93 37 4618
93 36 4620
94 35 4623
94 34 4625
94 33 4628
95 32 4630
95 31 4633
95 30 4635
96 30 4638
96 29 4640
96 28 4643
96 27 4645
97 26 4648
97 25 4650
97 24 4653
97 23 4655
98 22 4658
98 21 4660
98 20 4663
98 19 4665
98 18 4668
99 17 4670
99 16 4673
99 15 4675
99 14 4678
99 13 4680
99 12 4683
99 11 4685
100 10 4688
100 9 4690
100 8 4693
100 7 4695
100 6 4698
100 5 4700
100 4 4703
100 3 4705
100 2 4708
100 1 4710
100 0 4713
100 -1 4715
100 -2 4718
100 -3 4720
100 -4 4723
100 -5 4725
100 -6 4728
100 -7 4730
100 -8 4733
100 -9 4735
99 -10 4738
99 -11 4740
99 -12 4743
99 -13 4745
99 -14 4748
99 -15 4750
99 -16 4753
99 -17 4755
98 -18 4758
98 -19 4760
98 -20 4763
98 -21 4765
98 -22 4768
97 -23 4770
97 -24 4773
97 -25 4775
97 -26 4778
96 -27 4780
96 -28 4783
96 -29 4785
96 -30 4788
95 -31 4790
95 -31 4793
95 -32 4795
94 -33 4798
94 -34 4800
94 -35 4803
93 -36 4805
93 -37 4808
92 -38 4810
92 -39 4813
92 -40 4815
91 -41 4818
91 -42 4820
90 -43 4823
90 -44 4825
90 -44 4828
89 -45 4830
89 -46 4833
88 -47 4835
88 -48 4838
87 -49 4840
87 -50 4843
86 -51 4845
86 -51 4848
85 -52 4850
85 -53 4853
84 -54 4855
84 -55 4858
83 -56 4860
83 -57 4863
82 -57 4865
81 -58 4868
81 -59 4870
80 -60 4873
80 -61 4875
79 -61 4878
78 -62 4880
78 -63 4883
77 -64 4885
76 -64 4888
76 -65 4890
75 -66 4893
74 -67 4895
74 -67 4898
73 -68 4900
72 -69 4903
72 -70 4905
71 -70 4908
70 -71 4910
70 -72 4913
69 -72 4915
68 -73 4918
67 -74 4920
67 -74 4923
66 -75 4925
65 -76 4928
64 -76 4930
64 -77 4933
63 -78 4935
62 -78 4938
61 -79 4940
61 -80 4943
60 -80 4945
59 -81 4948
58 -81 4950
57 -82 4953
56 -83 4955
56 -83 4958
55 -84 4960
54 -84 4963
53 -85 4965
52 -85 4968
51 -86 4970
51 -86 4973
50 -87 4975
49 -87 4978
48 -88 4980
47 -88 4983
46 -89 4985
45 -89 4988
44 -90 4990
44 -90 4993
43 -90 4995
42 -91 4998
41 -91 5000
40 -92 5003
39 -92 5005
38 -92 5008
37 -93 5010
36 -93 5013
35 -94 5015
34 -94 5018
33 -94 5020
32 -95 5023
31 -95 5025
31 -95 5028
30 -96 5030
29 -96 5033
28 -96 5035
27 -96 5038
26 -97 5040
25 -97 5043
24 -97 5045
23 -97 5048
22 -98 5050
21 -98 5053
20 -98 5055
19 -98 5058
18 -98 5060
17 -99 5063
16 -99 5065
15 -99 5068
14 -99 5070
13 -99 5073
12 -99 5075
11 -99 5078
10 -99 5080
9 -100 5083
8 -100 5085
7 -100 5088
6 -100 5090
5 -100 5093
4 -100 5095
3 -100 5098
2 -100 5100
1 -100 5103
0 -100 5105
-1 -100 5108
-2 -100 5110
-3 -100 5113
-4 -100 5115
-5 -100 5118
-6 -100 5120
-7 -100 5123
-8 -100 5125
-9 -100 5128
-10 -100 5130
-11 -99 5133
-12 -99 5135
-13 -99 5138
-14 -99 5140
-15 -99 5143
-16 -99 5145
-17 -99 5148
-18 -98 5150
-19 -98 5153
-20 -98 5155
-21 -98 5158
-22 -98 5160
-23 -97 5163
-24 -97 5165
-25 -97 5168
-26 -97 5170
-27 -96 5173
-28 -96 5175
-29 -96 5178
-30 -96 5180
-30 -95 5183
-31 -95 5185
-32 -95 5188
-33 -94 5190
-34 -94 5193
-35 -94 5195
-36 -93 5198
-37 -93 5200
-38 -93 5203
-39 -92 5205
-40 -92 5208
-41 -91 5210
-42 -91 5213
-43 -90 5215
-43 -90 5218
-44 -90 5220
-45 -89 5223
-46 -89 5225
-47 -88 5228
-48 -88 5230
-49 -87 5233
-50 -87 5235
-51 -86 5238
-51 -86 5240
-52 -85 5243
-53 -85 5245
-54 -84 5248
-55 -84 5250
-56 -83 5253
-56 -83 5255
-57 -82 5258
-58 -81 5260
-59 -81 5263
-60 -80 5265
-60 -80 5268
-61 -79 5270
-62 -78 5273
-63 -78 5275
-64 -77 5278
-64 -77 5280
-65 -76 5283
-66 -75 5285
-67 -75 5288
-67 -74 5290
-68 -73 5293
-69 -73 5295
-70 -72 5298
-70 -71 5300
-71 -70 5303
-72 -70 5305
-72 -69 5308
-73 -68 5310
-74 -68 5313
-74 -67 5315
-75 -66 5318
-76 -65 5320
-76 -65 5323
-77 -64 5325
-78 -63 5328
-78 -62 5330
-79 -61 5333
-80 -61 5335
-80 -60 5338
-81 -59 5340
-81 -58 5343
-82 -57 5345
-82 -57 5348
-83 -56 5350
-84 -55 5353
-84 -54 5355
-85 -53 5358
-85 -52 5360
-86 -52 5363
-86 -51 5365
-87 -50 5368
-87 -49 5370
-88 -48 5373
-88 -47 5375
-89 -46 5378
-89 -45 5380
-90 -44 5383
-90 -44 5385
-90 -43 5388
-91 -42 5390
-91 -41 5393
-92 -40 5395
-92 -39 5398
-92 -38 5400
-93 -37 5403
-93 -36 5405
-94 -35 5408
-94 -34 5410
-94 -33 5413
-95 -33 5415
-95 -32 5418
-95 -31 5420
-95 -30 5423
-96 -29 5425
-96 -28 5428
-96 -27 5430
-97 -26 5433
-97 -25 5435
-97 -24 5438
-97 -23 5440
-98 -22 5443
-98 -21 5445
-98 -20 5448
-98 -19 5450
-98 -18 5453
-99 -17 5455
-99 -16 5458
-99 -15 5460
-99 -14 5463
-99 -13 5465
-99 -12 5468
-99 -11 5470
-99 -10 5473
-100 -9 5475
-100 -8 5478
-100 -7 5480
-100 -6 5483
-100 -5 5485
-100 -4 5488
-100 -3 5490
-100 -2 5493
-100 -1 5495
-100 0 5498
-100 1 5500
-100 2 5503
-100 3 5505
-100 4 5508
-100 5 5510
-100 6 5513
-100 7 5515
-100 8 5518
-100 9 5520
-100 10 5523
-99 11 5525
-99 12 5528
-99 13 5530
-99 14 5533
-99 15 5535
-99 16 5538
-99 17 5540
-98 18 5543
-98 19 5545
-98 20 5548
-98 21 5550
-98 22 5553
-97 23 5555
-97 24 5558
-97 25 5560
-97 26 5563
-96 27 5565
-96 28 5568
-96 28 5570
-96 29 5573
-95 30 5575
-95 31 5578
-95 32 5580
-94 33 5583
-94 34 5585
-94 35 5588
-93 36 5590
-93 37 5593
-93 38 5595
-92 39 5598
-92 40 5600
-91 41 5603
-91 42 5605
-91 42 5608
-90 43 5610
-90 44 5613
-89 45 5615
-89 46 5618
-88 47 5620
-88 48 5623
-87 49 5625
-87 50 5628
-86 50 5630
-86 51 5633
-85 52 5635
-85 53 5638
-84 54 5640
-84 55 5643
-83 56 5645
-83 56 5648
-82 57 5650
-81 58 5653
-81 59 5655
-80 60 5658
-80 60 5660
-79 61 5663
-78 62 5665
-78 63 5668
-77 64 5670
-77 64 5673
-76 65 5675
-75 66 5678
-75 67 5680
-74 67 5683
-73 68 5685
-73 69 5688
-72 70 5690
-71 70 5693
-70 71 5695
-70 72 5698
-69 72 5700
-68 73 5703
-68 74 5705
-67 74 5708
-66 75 5710
-65 76 5713
-65 76 5715
-64 77 5718
-63 78 5720
-62 78 5723
-61 79 5725
-61 79 5728
-60 80 5730
-59 81 5733
-58 81 5735
-57 82 5738
-57 82 5740
-56 83 5743
-55 84 5745
-54 84 5748
-53 85 5750
-52 85 5753
-52 86 5755
-51 86 5758
-50 87 5760
-49 87 5763
-48 88 5765
-47 88 5768
-46 89 5770
-45 89 5773
-45 90 5775
-44 90 5778
-43 90 5780
-42 91 5783
-41 91 5785
-40 92 5788
-39 92 5790
-38 92 5793
-37 93 5795
-36 93 5798
-35 94 5800
-34 94 5803
-34 94 5805
-33 95 5808
-32 95 5810
-31 95 5813
-30 95 5815
-29 96 5818
-28 96 5820
-27 96 5823
-26 97 5825
-25 97 5828
-24 97 5830
-23 97 5833
-22 98 5835
-21 98 5838
-20 98 5840
-19 98 5843
-18 98 5845
-17 99 5848
-16 99 5850
-15 99 5853
-14 99 5855
-13 99 5858
-12 99 5860
-11 99 5863
-10 99 5865
-9 100 5868
-8 100 5870
-7 100 5873
-6 100 5875
-5 100 5878
-4 100 5880
-3 100 5883
-2 100 5885
-1 100 5888
0 100 5890
1 100 5893
2 100 5895
3 100 5898
4 100 5900
5 100 5903
6 100 5905
7 100 5908
8 100 5910
9 100 5913
10 100 5915
11 99 5918
12 99 5920
13 99 5923
14 99 5925
15 99 5928
16 99 5930
17 99 5933
18 98 5935
19 98 5938
20 98 5940
21 98 5943
22 98 5945
23 97 5948
24 97 5950
25 97 5953
26 97 5955
26 96 5958
27 96 5960
28 96 5963
29 96 5965
30 95 5968
31 95 5970
32 95 5973
33 94 5975
34 94 5978
35 94 5980
36 93 5983
37 93 5985
38 93 5988
39 92 5990
40 92 5993
41 91 5995
42 91 5998
42 91 6000
43 90 6003
44 90 6005
45 89 6008
46 89 6010
47 88 6013
48 88 6015
49 87 6018
50 87 6020
50 86 6023
51 86 6025
52 85 6028
53 85 6030
54 84 6033
55 84 6035
55 83 6038
56 83 6040
57 82 6043
58 82 6045
59 81 6048
60 80 6050
60 80 6053
61 79 6055
62 79 6058
63 78 6060
64 77 6063
64 77 6065
65 76 6068
66 75 6070
67 75 6073
67 74 6075
68 73 6078
69 73 6080
69 72 6083
70 71 6085
71 71 6088
72 70 6090
72 69 6093
73 68 6095
74 68 6098
74 67 6100
75 66 6103
76 65 6105
76 65 6108
77 64 6110
78 63 6113
78 62 6115
79 62 6118
79 61 6120
80 60 6123
81 59 6125
81 58 6128
82 58 6130
82 57 6133
83 56 6135
83 55 6138
84 54 6140
85 53 6143
85 53 6145
86 52 6148
86 51 6150
87 50 6153
87 49 6155
88 48 6158
88 47 6160
89 46 6163
89 46 6165
89 45 6168
90 44 6170
90 43 6173
91 42 6175
91 41 6178
92 40 6180
92 39 6183
92 38 6185
93 37 6188
93 36 6190
93 35 6193
94 35 6195
94 34 6198
95 33 6200
95 32 6203
95 31 6205
95 30 6208
96 29 6210
96 28 6213
96 27 6215
97 26 6218
97 25 6220
97 24 6223
97 23 6225
98 22 6228
98 21 6230
98 20 6233
98 19 6235
98 18 6238
99 17 6240
99 16 6243
99 15 6245
99 14 6248
99 13 6250
99 12 6253
99 11 6255
99 10 6258
100 9 6260
100 8 6263
100 7 6265
100 6 6268
100 5 6270
100 4 6273
100 3 6275
100 2 6278
100 1 6280
100 0 6283
100 -1 6285
100 -2 6288
100 -3 6290
100 -4 6293
100 -5 6295
100 -6 6298
100 -7 6300
100 -8 6303
100 -9 6305
100 -10 6308
99 -11 6310
99 -12 6313
99 -13 6315
99 -14 6318
99 -15 6320
99 -16 6323
99 -17 6325
98 -18 6328
98 -19 6330
98 -20 6333
98 -21 6335
98 -22 6338
97 -23 6340
97 -24 6343
97 -24 6345
97 -25 6348
96 -26 6350
96 -27 6353
96 -28 6355
96 -29 6358
95 -30 6360
95 -31 6363
95 -32 6365
94 -33 6368
94 -34 6370
94 -35 6373
93 -36 6375
93 -37 6378
93 -38 6380
92 -39 6383
92 -40 6385
91 -41 6388
91 -41 6390
91 -42 6393
90 -43 6395
90 -44 6398
89 -45 6400
89 -46 6403
88 -47 6405
88 -48 6408
87 -49 6410
87 -49 6413
86 -50 6415
86 -51 6418
85 -52 6420
85 -53 6423
84 -54 6425
84 -55 6428
83 -55 6430
83 -56 6433
82 -57 6435
82 -58 6438
81 -59 6440
80 -59 6443
80 -60 6445
79 -61 6448
79 -62 6450
78 -63 6453
77 -63 6455
77 -64 6458
76 -65 6460
75 -66 6463
75 -66 6465
74 -67 6468
73 -68 6470
73 -69 6473
72 -69 6475
71 -70 6478
71 -71 6480
70 -72 6483
69 -72 6485
68 -73 6488
68 -74 6490
67 -74 6493
66 -75 6495
65 -76 6498
65 -76 6500
64 -77 6503
63 -78 6505
62 -78 6508
62 -79 6510
61 -79 6513
60 -80 6515
59 -81 6518
58 -81 6520
58 -82 6523
57 -82 6525
56 -83 6528
55 -83 6530
54 -84 6533
53 -85 6535
53 -85 6538
52 -86 6540
51 -86 6543
50 -87 6545
49 -87 6548
48 -88 6550
47 -88 6553
46 -89 6555
46 -89 6558
45 -89 6560
44 -90 6563
43 -90 6565
42 -91 6568
41 -91 6570
40 -92 6573
39 -92 6575
38 -92 6578
37 -93 6580
36 -93 6583
36 -93 6585
35 -94 6588
34 -94 6590
33 -94 6593
32 -95 6595
31 -95 6598
30 -95 6600
29 -96 6603
28 -96 6605
27 -96 6608
26 -97 6610
25 -97 6613
24 -97 6615
23 -97 6618
22 -98 6620
21 -98 6623
20 -98 6625
19 -98 6628
18 -98 6630
17 -98 6633
16 -99 6635
15 -99 6638
14 -99 6640
13 -99 6643
12 -99 6645
11 -99 6648
10 -99 6650
9 -100 6653
8 -100 6655
7 -100 6658
6 -100 6660
5 -100 6663
4 -100 6665
3 -100 6668
2 -100 6670
1 -100 6673
0 -100 6675
-1 -100 6678
-2 -100 6680
-3 -100 6683
-4 -100 6685
-5 -100 6688
-6 -100 6690
-7 -100 6693
-8 -100 6695
-9 -100 6698
-10 -100 6700
-11 -99 6703
-12 -99 6705
-13 -99 6708
-14 -99 6710
-15 -99 6713
-16 -99 6715
-17 -99 6718
-18 -98 6720
-19 -98 6723
-20 -98 6725
-20 -98 6728
-21 -98 6730
-22 -97 6733
-23 -97 6735
-24 -97 6738
-25 -97 6740
-26 -96 6743
-27 -96 6745
-28 -96 6748
-29 -96 6750
-30 -95 6753
-31 -95 6755
-32 -95 6758
-33 -94 6760
-34 -94 6763
-35 -94 6765
-36 -93 6768
-37 -93 6770
-38 -93 6773
-39 -92 6775
-40 -92 6778
-40 -91 6780
-41 -91 6783
-42 -91 6785
-43 -90 6788
-44 -90 6790
-45 -89 6793
-46 -89 6795
-47 -88 6798
-48 -88 6800
-49 -87 6803
-49 -87 6805
-50 -86 6808
-51 -86 6810
-52 -85 6813
-53 -85 6815
-54 -84 6818
-55 -84 6820
-55 -83 6823
-56 -83 6825
-57 -82 6828
-58 -82 6830
-59 -81 6833
-59 -80 6835
-60 -80 6838
-61 -79 6840
-62 -79 6843
-63 -78 6845
-63 -77 6848
-64 -77 6850
-65 -76 6853
-66 -75 6855
-66 -75 6858
-67 -74 6860
-68 -73 6863
-69 -73 6865
-69 -72 6868
-70 -71 6870
-71 -71 6873
-71 -70 6875
-72 -69 6878
-73 -68 6880
-74 -68 6883
-74 -67 6885
-75 -66 6888
-76 -66 6890
-76 -65 6893
-77 -64 6895
-77 -63 6898
-78 -62 6900
-79 -62 6903
-79 -61 6905
-80 -60 6908
-81 -59 6910
-81 -58 6913
-82 -58 6915
-82 -57 6918
-83 -56 6920
-83 -55 6923
-84 -54 6925
-84 -53 6928
-85 -53 6930
-86 -52 6933
-86 -51 6935
-87 -50 6938
-87 -49 6940
-88 -48 6943
-88 -47 6945
-88 -47 6948
-89 -46 6950
-89 -45 6953
-90 -44 6955
-90 -43 6958
-91 -42 6960
-91 -41 6963
-92 -40 6965
-92 -39 6968
-92 -38 6970
-93 -37 6973
-93 -37 6975
-93 -36 6978
-94 -35 6980
-94 -34 6983
-94 -33 6985
-95 -32 6988
-95 -31 6990
-95 -30 6993
-96 -29 6995
-96 -28 6998
-96 -27 7000
-97 -26 7003
-97 -25 7005
-97 -24 7008
-97 -23 7010
-97 -22 7013
-98 -21 7015
-98 -20 7018
-98 -19 7020
-98 -18 7023
-98 -17 7025
-99 -16 7028
-99 -15 7030
-99 -14 7033
-99 -13 7035
-99 -12 7038
-99 -11 7040
-99 -10 7043
-100 -9 7045
-100 -8 7048
-100 -7 7050
-100 -6 7053
-100 -5 7055
-100 -4 7058
-100 -3 7060
-100 -2 7063
-100 -1 7065
-100 0 7068
-100 1 7070
-100 2 7073
-100 3 7075
-100 4 7078
-100 5 7080
-100 6 7083
-100 7 7085
-100 8 7088
-100 9 7090
-100 10 7093
-99 11 7095
-99 12 7098
-99 13 7100
-99 14 7103
-99 15 7105
-99 16 7108
-99 16 7110
-98 17 7113
-98 18 7115
-98 19 7118
-98 20 7120
-98 21 7123
-97 22 7125
-97 23 7128
-97 24 7130
-97 25 7133
-96 26 7135
-96 27 7138
-96 28 7140
-96 29 7143
-95 30 7145
-95 31 7148
-95 32 7150
-94 33 7153
-94 34 7155
-94 35 7158
-93 36 7160
-93 37 7163
-93 38 7165
-92 39 7168
-92 39 7170
-91 40 7173
-91 41 7175
-91 42 7178
-90 43 7180
-90 44 7183
-89 45 7185
-89 46 7188
-88 47 7190
-88 48 7193
-87 48 7195
-87 49 7198
-86 50 7200
-86 51 7203
-85 52 7205
-85 53 7208
-84 54 7210
-84 54 7213
-83 55 7215
-83 56 7218
-82 57 7220
-82 58 7223
-81 59 7225
-80 59 7228
-80 60 7230
-79 61 7233
-79 62 7235
-78 63 7238
-77 63 7240
-77 64 7243
-76 65 7245
-75 66 7248
-75 66 7250
-74 67 7253
-73 68 7255
-73 69 7258
-72 69 7260
-71 70 7263
-71 71 7265
-70 71 7268
-69 72 7270
-69 73 7273
-68 73 7275
-67 74 7278
-66 75 7280
-66 76 7283
-65 76 7285
-64 77 7288
-63 77 7290
-62 78 7293
-62 79 7295
-61 79 7298
-60 80 7300
-59 80 7303
-59 81 7305
-58 82 7308
-57 82 7310
-56 83 7313
-55 83 7315
-54 84 7318
-54 84 7320
-53 85 7323
-52 86 7325
-51 86 7328
-50 87 7330
-49 87 7333
-48 88 7335
-48 88 7338
-47 88 7340
-46 89 7343
-45 89 7345
-44 90 7348
-43 90 7350
-42 91 7353
-41 91 7355
-40 92 7358
-39 92 7360
-38 92 7363
-38 93 7365
-37 93 7368
-36 93 7370
-35 94 7373
-34 94 7375
-33 94 7378
-32 95 7380
-31 95 7383
-30 95 7385
-29 96 7388
-28 96 7390
-27 96 7393
-26 97 7395
-25 97 7398
-24 97 7400
-23 97 7403
-22 97 7405
-21 98 7408
-20 98 7410
-19 98 7413
-18 98 7415
-17 98 7418
-16 99 7420
-15 99 7423
-14 99 7425
-13 99 7428
-12 99 7430
-11 99 7433
-10 99 7435
-9 100 7438
-9 100 7440
-8 100 7443
-7 100 7445
-6 100 7448
-5 100 7450
-4 100 7453
-3 100 7455
-2 100 7458
-1 100 7460
0 100 7463
1 100 7465
2 100 7468
3 100 7470
4 100 7473
5 100 7475
6 100 7478
7 100 7480
8 100 7483
9 100 7485
10 99 7488
11 99 7490
12 99 7493
13 99 7495
14 99 7498
15 99 7500
16 99 7503
17 98 7505
18 98 7508
19 98 7510
20 98 7513
21 98 7515
22 97 7518
23 97 7520
24 97 7523
25 97 7525
26 97 7528
27 96 7530
28 96 7533
29 96 7535
30 95 7538
31 95 7540
32 95 7543
33 94 7545
34 94 7548
35 94 7550
36 93 7553
37 93 7555
38 93 7558
38 92 7560
39 92 7563
40 92 7565
41 91 7568
42 91 7570
43 90 7573
44 90 7575
45 89 7578
46 89 7580
47 88 7583
47 88 7585
48 88 7588
49 87 7590
50 87 7593
51 86 7595
52 86 7598
53 85 7600
54 84 7603
54 84 7605
55 83 7608
56 83 7610
57 82 7613
58 82 7615
58 81 7618
59 81 7620
60 80 7623
61 79 7625
62 79 7628
62 78 7630
63 77 7633
64 77 7635
65 76 7638
66 76 7640
66 75 7643
67 74 7645
68 74 7648
69 73 7650
69 72 7653
70 71 7655
71 71 7658
71 70 7660
72 69 7663
73 69 7665
73 68 7668
74 67 7670
75 66 7673
75 66 7675
76 65 7678
77 64 7680
77 63 7683
78 63 7685
79 62 7688
79 61 7690
80 60 7693
80 59 7695
81 59 7698
82 58 7700
82 57 7703
83 56 7705
83 55 7708
84 54 7710
84 54 7713
85 53 7715
85 52 7718
86 51 7720
86 50 7723
87 49 7725
87 48 7728
88 48 7730
88 47 7733
89 46 7735
89 45 7738
90 44 7740
90 43 7743
91 42 7745
91 41 7748
91 40 7750
92 39 7753
92 39 7755
93 38 7758
93 37 7760
93 36 7763
94 35 7765
94 34 7768
94 33 7770
95 32 7773
95 31 7775
95 30 7778
96 29 7780
96 28 7783
96 27 7785
96 26 7788
97 25 7790
97 24 7793
97 23 7795
97 22 7798
98 21 7800
98 20 7803
98 19 7805
98 18 7808
98 18 7810
99 17 7813
99 16 7815
99 15 7818
99 14 7820
99 13 7823
99 12 7825
99 11 7828
100 10 7830
100 9 7833
100 8 7835
100 7 7838
100 6 7840
100 5 7843
100 4 7845
100 3 7848
100 2 7850
100 1 7853
100 0 7855
100 -1 7858
100 -2 7860
100 -3 7863
100 -4 7865
100 -5 7868
