0
-0.0252739
-0.0320422
-0.0220123
-0.00996947
-0.0010845
-0.0140497
-0.00855701
-0.0106776
-0.00497582
-0.011461
-0.00786096
-0.00543731
-0.0113437
-0.011428
-0.00850825
-0.00611905
-0.0110736
-0.00913524
-0.00939652
-0.0114181
-0.00959291
-0.00806398
-0.0120569
-0.0121081
-0.0104044
-0.00888242
-0.0126199
-0.0113191
-0.0114684
-0.00999506
-0.00865006
-0.0122353
-0.0112936
-0.0109559
-0.00979286
-0.00878861
-0.0122607
-0.0115236
-0.0114032
-0.0105207
-0.00973428
-0.0127934
-0.0121664
-0.0120785
-0.011298
-0.010603
-0.0100184
-0.0129279
-0.0130794
-0.0128759
-0.012705
-0.0125669
-0.0134958
-0.0133557
-0.013251
-0.013182
-0.0129538
-0.0128635
-0.0145096
-0.0144661
-0.0144638
-0.0143946
-0.0139112
-0.0139271
-0.0139754
-0.0142325
-0.0143322
-0.0144592
-0.0146644
-0.014571
-0.0154545
-0.0121701
-0.0125308
-0.0130236
-0.0131282
-0.0134614
-0.0139252
-0.0145038
-0.0145881
-0.0145285
-0.0150635
-0.0156883
-0.0133283
-0.0129812
-0.013676
-0.0144616
-0.0153323
-0.0150819
-0.015895
-0.013033
-0.0139966
-0.0138922
-0.0147854
-0.0158066
-0.0127997
-0.0139942
-0.0138626
-0.0150006
-0.0163106
-0.0130497
-0.0145851
-0.014412
-0.0159255
-0.0176909
-0.014527
-0.0131286
-0.0143699
-0.0157116
-0.0130507
-0.0145729
-0.01437
-0.0158453
-0.0130488
-0.0147359
-0.0145105
-0.010764
-0.0128886
-0.0152568
-0.0115683
-0.0137905
-0.0165113
-0.012299
-0.0154827
-0.0178656
-0.0252878
-0.0143723
-0.0233474
-0.0146442
-0.014255
-0.0199238
-0.0130767
-0.0194954
-0.0191889
-0.0245438
-0.0186432
-0.0254394
-0.0206714
-0.0173889
-0.024791
-0.018089
-0.0227454
-0.0225712
-0.0196395
-0.0214759
-0.0198924
-0.0315685
-0.0254053
-0.0167433
-0.0278936
-0.0230308
-0.0185273
-0.0225981
-0.0201468
-0.015049
-0.0136659
-0.0204365
-0.0167298
-0.02308
-0.0224586
-0.018805
-0.0157172
-0.0217514
-0.0213112
-0.0181593
-0.0104192
-0.0201904
-0.0205845
-0.015762
-0.0164047
-0.0256571
-0.0246966
-0.021206
-0.0185465
-0.0257837
-0.025119
-0.0226109
-0.0206519
-0.0203202
-0.0174247
-0.0226788
-0.0218714
-0.020352
-0.0197505
-0.0194534
-0.0184271
-0.0180072
-0.0238966
-0.0232121
-0.0229687
-0.0212258
-0.0190484
-0.0191515
-0.0178074
-0.0191091
-0.0178074
-0.0179784
-0.0188554
-0.0222603
-0.0229403
-0.0244604
-0.0233527
-0.0245426
-0.0266204
-0.0157214
-0.0146154
-0.0185454
-0.020967
-0.0197068
-0.0219314
-0.0248372
-0.0237748
-0.0143806
-0.0186095
-0.0194182
-0.0217349
-0.0252195
-0.0255565
-0.0156291
-0.0225039
-0.0208001
-0.0255581
-0.0218394
-0.033245
-0.0252981
-0.036412
-0.0238561
-0.0135691
-0.0261778
-0.0176432
-0.0365304
-0.028138
-0.0405943
-0.024196
-0.0380166
-0.039448
-0.0155183
-0.0359831
-0.0363083
-0.0121285
-0.0298838
-0.0163855
-0.0191669
-0.035859
-0.0281393
-0.0256475
-0.0384906
-0.0320748
-0.0296732
-0.0342379
-0.0568455
-0.0484495
-0.0420338
-0.0351138
-0.0292206
-0.0511707
-0.0463683
-0.0410104
-0.0373396
-0.0314138
-0.0375817
-0.0328467
-0.0302475
-0.0301095
-0.0279509
-0.0280164
-0.0262433
-0.023041
-0.0223665
-0.0298201
-0.027257
-0.0274536
-0.0266538
-0.0281347
-0.0266667
-0.0236988
-0.0305317
-0.0260285
-0.0378734
-0.0348286
-0.0413288
-0.0391013
-0.02811
-0.0370425
-0.033389
-0.0324117
-0.0404474
-0.034191
-0.0239966
-0.0437941
-0.0442352
-0.0525949
-0.0445288
-0.041082
-0.0547666
-0.0534873
-0.0369914
-0.0367856
-0.0188358
-0.0647716
-0.050286
-0.0504899
-0.0363449
-0.0454391
-0.0440347
-0.040475
-0.0348973
-0.0336923
-0.0316494
-0.0427332
-0.0343331
-0.0397128
-0.030935
-0.030662
-0.0178794
-0.0221357
-0.0191531
-0.028441
-0.0300216
-0.0330462
-0.0389977
-0.0444006
-0.0452442
-0.0304213
-0.0334582
-0.0388682
-0.0423929
-0.0188358
-0.0367856
-0.0369914
-0.0534873
-0.0547666
-0.041082
-0.0445288
-0.0525949
-0.0442352
-0.0437941
-0.0239966
-0.034191
-0.0560786
-0.0415018
-0.0422042
-0.0547098
-0.030405
-0.0605783
-0.069398
-0.0533592
-0.0551796
-0.0371654
-0.0501348
-0.0359281
-0.0554015
-0.0281347
-0.0521835
-0.0212971
-0.0432829
-0.024025
-0.0280363
-0.0261488
-0.0315388
-0.0335201
-0.0338209
-0.037219
-0.0374075
-0.0417554
-0.047416
-0.0314138
-0.0373396
-0.0410104
-0.0463683
-0.0511707
-0.0292206
-0.0351138
-0.0420338
-0.0484495
-0.0568455
-0.0342379
-0.0296732
-0.0320748
-0.0384906
-0.0256475
-0.0281393
-0.035859
-0.0191669
-0.0163855
-0.0298838
-0.0121285
-0.0363083
-0.0359831
-0.0155183
-0.039448
-0.0380166
-0.024196
-0.0405943
-0.028138
-0.0365304
-0.0176432
-0.0261778
-0.0135691
-0.0238561
-0.036412
-0.0252981
-0.033245
-0.0218394
-0.0255581
-0.0208001
-0.0225039
-0.0156291
-0.0255565
-0.0252195
-0.0217349
-0.0194182
-0.0186095
-0.0143806
-0.0237748
-0.0248372
-0.0219314
-0.0197068
-0.020967
-0.0185454
-0.0146154
-0.0157214
-0.0266204
-0.0245426
-0.0233527
-0.0244604
-0.0229403
-0.0222603
-0.0188554
-0.0179784
-0.0178074
-0.0191091
-0.0178074
-0.0191515
-0.0190484
-0.0212258
-0.0229687
-0.0232121
-0.0238966
-0.0180072
-0.0184271
-0.0194534
-0.0197505
-0.020352
-0.0218714
-0.0226788
-0.0174247
-0.0203202
-0.0206519
-0.0226109
-0.025119
-0.0257837
-0.0185465
-0.021206
-0.0246966
-0.0256571
-0.0164047
-0.015762
-0.0205845
-0.0201904
-0.0104192
-0.0181593
-0.0213112
-0.0217514
-0.0157172
-0.018805
-0.0224586
-0.02308
-0.0167298
-0.0204365
-0.0136659
-0.015049
-0.0201468
-0.0225981
-0.0185273
-0.0230308
-0.0278936
-0.0167433
-0.0254053
-0.0315685
-0.0198924
-0.0214759
-0.0196395
-0.0225712
-0.0227454
-0.018089
-0.024791
-0.0173889
-0.0206714
-0.0254394
-0.0186432
-0.0245438
-0.0191889
-0.0194954
-0.0130767
-0.0199238
-0.014255
-0.0146442
-0.0233474
-0.0143723
-0.0252878
-0.0178656
-0.0154827
-0.012299
-0.0165113
-0.0137905
-0.0115683
-0.0152568
-0.0128886
-0.010764
-0.0145105
-0.0147359
-0.0130488
-0.0158453
-0.01437
-0.0145729
-0.0130507
-0.0157116
-0.0143699
-0.0131286
-0.0136316
-0.0181893
-0.0159814
-0.0141035
-0.0143332
-0.0123383
-0.0164753
-0.0148048
-0.0133695
-0.0135158
-0.0119141
-0.0158345
-0.0145026
-0.0133549
-0.0134364
-0.0120966
-0.0180028
-0.0170293
-0.0173261
-0.0162258
-0.0152408
-0.0143919
-0.0148215
-0.0156883
-0.0150635
-0.0145285
-0.0145881
-0.0145038
-0.0139252
-0.0134614
-0.0131282
-0.0130236
-0.0125308
-0.0121701
-0.0154545
-0.014571
-0.0146644
-0.0144592
-0.0143322
-0.0142325
-0.0139754
-0.0139271
-0.0139112
-0.0143946
-0.0144638
-0.0144661
-0.0145096
-0.0112024
-0.0108854
-0.0111798
-0.011426
-0.0117478
-0.0118695
0.00951486
0.00952219
0.00952817
0.00953305
0.00949725
0.00952852
0.00953417
0.00953857
0.00954199
0.00950762
0.00951335
0.00953488
0.00953769
0.0095399
0.00950964
0.00951335
0.00953646
0.00953895
0.00954088
0.00950934
0.00951281
0.00951751
0.0095179
0.00951809
0.00949739
0.00949825
0.00951108
0.00951113
0.00951098
0.0094894
0.00950288
0.00950274
0.00950239
0.00951182
0.00949296
0.00949239
0.00950345
0.00950252
0.00950144
0.00948101
0.00949281
0.00949163
0.00949029
0.00951241
0.0095112
0.00949208
0.00949081
0.0095016
0.00950009
0.00952652
0.00952501
0
0
