# Noise levels exported from displayNoiseBS (source ImaGene): 
# Format X Y noiseLevel 
-9 9 0.5
-9 10 0.5
-9 10 0.5
-10 10 0.5
-10 11 0.5
-11 11 0.5
-11 11 0.5
-12 12 0.5
-12 12 0.5
-13 12 0.5
-13 13 0.5
-14 13 0.5
-14 13 0.5
-14 14 0.5
-15 14 0.5
-15 14 0.5
-16 15 0.5
-16 15 0.5
-17 15 0.5
-17 16 0.5
-17 16 0.5
-18 16 0.5
-18 16 0.5
-19 16 0.5
-19 17 0.5
-20 17 0.5
-21 17 0.5
-21 17 0.5
-22 17 0.5
-22 18 0.5
-22 18 0.5
-23 18 0.5
-23 18 0.5
-24 18 2
-24 17 2
-25 17 2
-25 16 2
-25 15 2
-25 15 2
-24 15 2
-24 14 1
-24 14 1
-24 13 0.5
-24 13 0.5
-23 13 0.5
-23 12 0.5
-23 12 0.5
-22 12 0.5
-22 11 0.5
-22 11 0.5
-21 11 0.5
-21 10 0.5
-21 10 0.5
-20 10 0.5
-20 10 0.5
-20 9 0.5
-19 9 0.5
-19 9 0.5
-19 8 0.5
-18 8 0.5
-18 8 0.5
-17 8 0.5
-17 7 0.5
-16 7 0.5
-16 7 0.5
-16 6 0.5
-15 6 0.5
-15 6 0.5
-14 6 0.5
-14 5 0.5
-13 5 0.5
-13 5 0.5
-12 5 0.5
-12 4 0.5
-11 4 0.5
-11 4 0.5
-10 4 0.5
-10 3 0.5
-9 3 0.5
-8 3 0.5
-8 2 0.5
-8 2 0.5
-7 2 0.5
-6 2 0.5
-6 1 0.5
-5 1 0.5
-4 1 0.5
-3 0 0.5
-2 0 0.5
-1 0 0.5
0 -1 0.5
1 -1 0.5
2 -1 0.5
3 -1 0.5
3 -2 0.5
4 -2 0.5
5 -2 0.5
6 -2 0.5
7 -2 0.5
7 -3 0.5
8 -3 0.5
9 -3 0.5
10 -3 0.5
10 -3 0.5
11 -3 0.5
12 -3 0.5
13 -3 0.5
13 -4 0.5
14 -4 0.5
15 -4 0.5
15 -4 0.5
16 -4 0.5
17 -4 0.5
18 -4 0.5
18 -4 0.5
19 -4 0.5
20 -4 0.5
20 -4 0.5
21 -4 0.5
21 -4 0.5
22 -4 0.5
23 -4 0.5
24 -4 0.5
24 -3 0.5
25 -3 0.5
25 -3 0.5
26 -3 0.5
26 -3 0.5
27 -3 0.5
27 -3 0.5
28 -3 0.5
28 -2 1.5
28 -2 1.5
29 -2 2.5
29 -1 2.5
29 0 2.5
29 1 2.5
28 1 1.5
28 1 1.5
28 2 0.5
27 2 0.5
27 2 0.5
26 2 0.5
26 2 0.5
25 2 0.5
25 2 0.5
24 2 0.5
24 3 0.5
24 3 0.5
23 3 0.5
22 3 0.5
21 3 0.5
21 3 0.5
20 3 0.5
20 3 0.5
19 3 0.5
18 3 0.5
18 3 0.5
17 3 0.5
16 3 0.5
15 3 0.5
15 3 0.5
14 3 0.5
13 3 0.5
13 2 0.5
13 2 0.5
12 2 0.5
11 2 0.5
10 2 0.5
10 2 0.5
9 2 0.5
8 2 0.5
7 2 0.5
7 1 0.5
6 1 0.5
5 1 0.5
4 1 0.5
3 1 0.5
3 0 0.5
2 0 0.5
1 0 0.5
0 0 0.5
-1 -1 0.5
-2 -1 0.5
-3 -1 0.5
-3 -2 0.5
-4 -2 0.5
-5 -2 0.5
-6 -2 0.5
-6 -3 0.5
-7 -3 0.5
-8 -3 0.5
-8 -3 0.5
-8 -4 0.5
-9 -4 0.5
-10 -4 0.5
-10 -5 0.5
-11 -5 0.5
-11 -5 0.5
-12 -5 0.5
-12 -6 0.5
-13 -6 0.5
-13 -6 0.5
-14 -6 0.5
-14 -7 0.5
-15 -7 0.5
-15 -7 0.5
-16 -7 0.5
-16 -8 0.5
-16 -8 0.5
-17 -8 0.5
-17 -9 0.5
-18 -9 0.5
-18 -9 0.5
-19 -9 0.5
-19 -10 0.5
-19 -10 0.5
-20 -10 0.5
-20 -11 0.5
-20 -11 0.5
-21 -11 0.5
-21 -11 0.5
-21 -12 0.5
-22 -12 0.5
-22 -12 0.5
-22 -13 0.5
-23 -13 0.5
-23 -13 0.5
-23 -14 0.5
-24 -14 0.5
-24 -14 0.5
-24 -15 1
-24 -15 1
-24 -16 2
-25 -16 2
-25 -16 2
-25 -17 2
-25 -18 2
-24 -18 2
-24 -19 2
-23 -19 0.5
-23 -19 0.5
-22 -19 0.5
-22 -19 0.5
-22 -18 0.5
-21 -18 0.5
-21 -18 0.5
-20 -18 0.5
-19 -18 0.5
-19 -17 0.5
-18 -17 0.5
-18 -17 0.5
-17 -17 0.5
-17 -17 0.5
-17 -16 1
-16 -16 0.5
-16 -16 0.5
-15 -15 0.5
-15 -15 0.5
-14 -15 0.5
-14 -14 0.5
-14 -14 0.5
-13 -14 0.5
-13 -13 0.5
-12 -13 0.5
-12 -13 0.5
-11 -12 0.5
-11 -12 0.5
-10 -12 0.5
-10 -11 0.5
-9 -11 0.5
-9 -10 0.5
-8 -10 0.5
-8 -9 0.5
-7 -9 0.5
-7 -8 0.5
-6 -8 0.5
-6 -7 0.5
-5 -7 0.5
-5 -6 0.5
-4 -5 0.5
-4 -4 0.5
-3 -4 0.5
-3 -3 0.5
-2 -3 0.5
-2 -2 0.5
-1 -2 0.5
0 1 0.5
1 1 0.5
1 2 0.5
2 2 0.5
2 3 0.5
2 4 0.5
3 4 0.5
3 5 0.5
3 6 0.5
4 6 0.5
4 6 0.5
4 7 0.5
5 7 0.5
5 8 0.5
5 9 0.5
5 9 0.5
6 9 0.5
6 10 0.5
6 11 0.5
6 11 0.5
7 11 0.5
7 12 0.5
7 13 0.5
7 13 0.5
7 14 0.5
8 14 0.5
8 15 0.5
8 15 0.5
8 16 0.5
8 16 0.5
9 16 0.5
9 17 0.5
9 18 0.5
9 18 0.5
9 19 0.5
9 19 0.5
9 20 0.5
10 20 0.5
10 20 0.5
10 21 0.5
10 22 0.5
10 22 0.5
10 23 0.5
10 23 0.5
10 24 0.5
10 24 0.5
10 25 0.5
10 25 0.5
10 26 2
10 27 2
10 27 2
9 27 2
9 28 2
8 28 2
7 28 2
7 27 2
6 27 0.5
6 27 0.5
6 26 0.5
5 26 0.5
5 26 0.5
5 25 0.5
5 25 0.5
5 24 0.5
4 24 0.5
4 23 0.5
4 22 0.5
4 22 0.5
3 22 0.5
3 21 0.5
3 21 0.5
3 20 0.5
3 20 0.5
2 20 0.5
2 19 0.5
2 18 0.5
2 18 0.5
2 17 0.5
2 17 0.5
2 16 0.5
1 16 0.5
1 15 0.5
1 15 0.5
1 14 0.5
1 13 0.5
1 13 0.5
1 12 0.5
0 11 0.5
0 10 0.5
0 10 0.5
0 9 0.5
0 8 0.5
0 7 0.5
0 7 0.5
0 6 0.5
0 5 0.5
0 4 0.5
0 3 0.5
0 2 0.5
0 -2 0.5
0 -3 0.5
0 -4 0.5
0 -5 0.5
0 -6 0.5
0 -7 0.5
0 -8 0.5
0 -8 0.5
0 -9 0.5
0 -10 0.5
0 -11 0.5
0 -11 0.5
0 -12 0.5
0 -13 0.5
1 -13 0.5
1 -14 0.5
1 -14 0.5
1 -15 0.5
1 -16 0.5
1 -16 0.5
1 -17 0.5
2 -17 0.5
2 -18 0.5
2 -18 0.5
2 -19 0.5
2 -19 0.5
2 -20 0.5
3 -21 0.5
3 -21 0.5
3 -22 0.5
3 -22 0.5
3 -23 0.5
4 -23 0.5
4 -23 0.5
4 -24 0.5
4 -25 0.5
4 -25 0.5
5 -25 0.5
5 -26 0.5
5 -26 0.5
5 -27 0.5
5 -27 0.5
6 -27 0.5
6 -28 0.5
6 -28 0.5
7 -28 0.5
7 -29 2
8 -29 2
9 -29 2
9 -28 2
10 -28 2
10 -28 2
10 -27 1
10 -26 1
10 -26 1
10 -25 0.5
10 -25 0.5
10 -24 0.5
10 -24 0.5
10 -23 0.5
10 -23 0.5
10 -22 0.5
10 -21 0.5
10 -21 0.5
9 -21 0.5
9 -20 0.5
9 -20 0.5
9 -19 0.5
9 -19 0.5
9 -18 0.5
9 -17 0.5
8 -17 0.5
8 -17 0.5
8 -16 0.5
8 -16 0.5
8 -15 0.5
7 -15 0.5
7 -14 0.5
7 -14 0.5
7 -13 0.5
7 -12 0.5
6 -12 0.5
6 -12 0.5
6 -11 0.5
6 -10 0.5
5 -10 0.5
5 -10 0.5
5 -9 0.5
5 -8 0.5
4 -8 0.5
4 -7 0.5
4 -7 0.5
3 -7 0.5
3 -6 0.5
3 -5 0.5
2 -5 0.5
2 -4 0.5
2 -3 0.5
1 -3 0.5
1 -2 0.5
-1 1 0.5
-2 1 0.5
-2 2 0.5
-3 2 0.5
-3 3 0.5
-4 3 0.5
-4 4 0.5
-5 5 0.5
-5 6 0.5
-6 6 0.5
-6 7 0.5
-7 7 0.5
-7 8 0.5
-8 8 0.5
-8 8 0.5
-8 9 0.5
