# Noise levels exported from displayNoiseBS (source ImaGene): 
# Format X Y noiseLevel 
9 2 0.5
10 2 0.5
10 3 0.5
10 3 0.5
11 3 0.5
11 3 0.5
11 4 0.5
12 4 0.5
12 5 0.5
12 5 0.5
13 5 0.5
13 5 0.5
13 6 0.5
14 6 0.5
14 6 0.5
14 7 0.5
15 7 0.5
15 8 0.5
15 8 0.5
16 8 0.5
16 9 0.5
16 9 0.5
16 10 0.5
16 10 0.5
17 10 0.5
17 11 0.5
17 11 0.5
17 12 0.5
17 12 0.5
18 12 0.5
18 13 0.5
18 13 0.5
18 14 0.5
18 14 0.5
17 14 0.5
17 14 0.5
16 14 0.5
15 14 0.5
15 13 0.5
15 13 0.5
14 13 0.5
14 12 0.5
13 12 0.5
13 11 0.5
13 11 0.5
12 11 0.5
12 10 0.5
12 10 0.5
11 10 0.5
11 9 0.5
11 9 0.5
10 9 0.5
10 8 0.5
10 8 0.5
10 7 0.5
9 7 0.5
9 7 0.5
9 6 0.5
8 6 0.5
8 6 0.5
8 5 0.5
8 5 0.5
7 5 0.5
7 5 0.5
7 4 0.5
6 4 0.5
6 4 0.5
6 3 0.5
6 3 0.5
5 3 0.5
5 3 0.5
5 2 0.5
5 2 0.5
4 2 0.5
4 2 0.5
4 1 0.5
4 1 0.5
3 1 0.5
3 1 0.5
3 1 0.5
2 1 0.5
2 0 0.5
2 0 0.5
2 0 0.5
1 0 0.5
1 0 0.5
1 0 0.5
0 0 0.5
0 0 0.5
0 0 0.5
-1 0 0.5
-1 0 0.5
-1 0 0.5
-1 0 0.5
-2 0 0.5
-2 0 0.5
-2 0 0.5
-2 0 0.5
-2 0 0.5
-3 1 0.5
-3 1 0.5
-3 1 0.5
-3 1 0.5
-3 2 0.5
-3 2 0.5
-3 2 0.5
-3 3 0.5
-4 3 0.5
-4 3 0.5
-4 3 0.5
-4 4 0.5
-4 4 0.5
-4 5 0.5
-4 5 0.5
-4 6 0.5
-4 6 0.5
-4 6 0.5
-4 7 0.5
-4 7 0.5
-4 8 0.5
-4 8 0.5
-4 9 0.5
-4 9 0.5
-3 10 0.5
-3 10 0.5
-3 11 0.5
-3 11 0.5
-3 12 0.5
-3 12 0.5
-3 13 0.5
-3 13 0.5
-2 13 0.5
-2 14 0.5
-2 14 0.5
-1 14 0.5
0 14 0.5
1 14 0.5
1 14 0.5
1 13 0.5
2 13 0.5
2 13 0.5
2 12 0.5
2 12 0.5
2 11 0.5
2 11 0.5
2 10 0.5
2 10 0.5
3 10 0.5
3 9 0.5
3 9 0.5
3 8 0.5
3 8 0.5
3 7 0.5
3 7 0.5
3 6 0.5
3 6 0.5
3 6 0.5
3 5 0.5
3 5 0.5
3 4 0.5
3 4 0.5
3 3 0.5
3 3 0.5
3 3 0.5
2 3 0.5
2 2 0.5
2 2 0.5
2 2 0.5
2 2 0.5
2 1 0.5
2 1 0.5
2 1 0.5
2 1 0.5
1 0 0.5
1 0 0.5
1 0 0.5
1 0 0.5
1 0 0.5
0 0 0.5
0 0 0.5
0 0 0.5
0 0 0.5
-1 0 0.5
-1 0 0.5
-1 0 0.5
-2 0 0.5
-2 0 0.5
-2 0 0.5
-2 0 0.5
-3 0 0.5
-3 0 0.5
-3 0 0.5
-3 1 0.5
-4 1 0.5
-4 1 0.5
-4 1 0.5
-5 1 0.5
-5 1 0.5
-5 2 0.5
-5 2 0.5
-6 2 0.5
-6 2 0.5
-6 3 0.5
-6 3 0.5
-7 3 0.5
-7 3 0.5
-7 4 0.5
-7 4 0.5
-8 4 0.5
-8 5 0.5
-8 5 0.5
-9 5 0.5
-9 5 0.5
-9 6 0.5
-9 6 0.5
-10 6 0.5
-10 7 0.5
-10 7 0.5
-11 7 0.5
-11 8 0.5
-11 8 0.5
-11 9 0.5
-12 9 0.5
-12 9 0.5
-12 10 0.5
-13 10 0.5
-13 10 0.5
-13 11 0.5
-14 11 0.5
-14 11 0.5
-14 12 0.5
-15 12 0.5
-15 13 0.5
-16 13 0.5
-16 13 0.5
-16 14 0.5
-17 14 0.5
-18 14 0.5
-18 14 0.5
-19 14 0.5
-19 14 0.5
-19 13 0.5
-19 13 0.5
-19 12 0.5
-18 12 0.5
-18 12 0.5
-18 11 0.5
-18 11 0.5
-18 10 0.5
-17 10 0.5
-17 10 0.5
-17 9 0.5
-17 9 0.5
-17 8 0.5
-16 8 0.5
-16 8 0.5
-16 7 0.5
-15 7 0.5
-15 6 0.5
-15 6 0.5
-14 6 0.5
-14 5 0.5
-14 5 0.5
-13 5 0.5
-13 5 0.5
-13 4 0.5
-12 4 0.5
-12 3 0.5
-12 3 0.5
-11 3 0.5
-11 3 0.5
-10 2 0.5
-10 2 0.5
-9 2 0.5
-9 1 0.5
-8 1 0.5
-8 1 0.5
-7 1 0.5
-7 1 0.5
-6 0 0.5
-5 0 0.5
-4 0 0.5
-4 0 0.5
-3 0 0.5
-3 0 0.5
-2 0 0.5
-2 0 0.5
1 0 0.5
1 0 0.5
2 0 0.5
2 0 0.5
3 0 0.5
4 0 0.5
4 0 0.5
5 0 0.5
6 0 0.5
6 0 0.5
6 1 0.5
7 1 0.5
7 1 0.5
8 1 0.5
9 1 0.5
9 2 0.5
9 2 0.5
10 2 0.5
11 2 0.5
11 3 0.5
11 3 0.5
12 3 0.5
13 3 0.5
13 4 0.5
14 4 0.5
14 4 0.5
15 4 0.5
15 5 0.5
16 5 0.5
16 6 0.5
16 6 0.5
17 6 0.5
18 6 0.5
18 7 0.5
19 7 0.5
19 8 0.5
20 8 0.5
20 8 0.5
20 9 0.5
21 9 0.5
22 9 0.5
22 10 0.5
23 10 0.5
23 11 0.5
24 11 0.5
24 12 0.5
25 12 0.5
25 13 0.5
26 13 0.5
27 13 0.5
27 14 0.5
27 14 0.5
28 14 0.5
28 14 0.5
28 14 0.5
27 13 0.5
27 13 0.5
27 12 0.5
26 12 0.5
26 12 0.5
26 11 0.5
25 11 0.5
25 10 0.5
24 10 0.5
24 10 0.5
23 9 0.5
22 9 0.5
22 8 0.5
22 8 0.5
21 8 0.5
21 7 0.5
20 7 0.5
20 6 0.5
20 6 0.5
19 6 0.5
18 6 0.5
18 5 0.5
17 5 0.5
17 4 0.5
16 4 0.5
16 4 0.5
15 4 0.5
15 3 0.5
14 3 0.5
13 3 0.5
13 2 0.5
12 2 0.5
11 2 0.5
10 2 0.5
10 1 0.5
9 1 0.5
8 1 0.5
7 1 0.5
7 0 0.5
6 0 0.5
5 0 0.5
4 0 0.5
3 0 0.5
2 0 0.5
-2 0 0.5
-3 0 0.5
-4 0 0.5
-5 0 0.5
-6 0 0.5
-7 0 0.5
-8 0 0.5
-8 1 0.5
-9 1 0.5
-10 1 0.5
-11 1 0.5
-11 2 0.5
-12 2 0.5
-13 2 0.5
-13 2 0.5
-14 2 0.5
-14 3 0.5
-15 3 0.5
-16 3 0.5
-16 4 0.5
-17 4 0.5
-17 4 0.5
-18 4 0.5
-18 5 0.5
-19 5 0.5
-19 6 0.5
-20 6 0.5
-21 6 0.5
-21 7 0.5
-22 7 0.5
-22 8 0.5
-23 8 0.5
-23 8 0.5
-23 9 0.5
-24 9 0.5
-25 9 0.5
-25 10 0.5
-25 10 0.5
-26 10 0.5
-26 11 0.5
-27 11 0.5
-27 12 0.5
-27 12 0.5
-28 12 0.5
-28 13 0.5
-28 13 0.5
-29 14 0.5
-29 14 0.5
-29 14 0.5
-28 14 0.5
-28 14 0.5
-28 13 0.5
-27 13 0.5
-26 13 0.5
-26 12 0.5
-25 12 0.5
-25 11 0.5
-24 11 0.5
-24 10 0.5
-23 10 0.5
-23 9 0.5
-22 9 0.5
-21 9 0.5
-21 8 0.5
-21 8 0.5
-20 8 0.5
-20 7 0.5
-19 7 0.5
-19 6 0.5
-18 6 0.5
-17 6 0.5
-17 6 0.5
-17 5 0.5
-16 5 0.5
-16 4 0.5
-15 4 0.5
-15 4 0.5
-14 4 0.5
-14 3 0.5
-13 3 0.5
-12 3 0.5
-12 3 0.5
-12 2 0.5
-11 2 0.5
-10 2 0.5
-10 2 0.5
-10 1 0.5
-9 1 0.5
-8 1 0.5
-8 1 0.5
-7 1 0.5
-7 0 0.5
-7 0 0.5
-6 0 0.5
-5 0 0.5
-5 0 0.5
-4 0 0.5
-3 0 0.5
-3 0 0.5
-2 0 0.5
1 0 0.5
1 0 0.5
2 0 0.5
2 0 0.5
3 0 0.5
3 0 0.5
4 0 0.5
5 0 0.5
6 1 0.5
6 1 0.5
7 1 0.5
7 1 0.5
8 1 0.5
8 1 0.5
8 2 0.5
9 2 0.5
