0
-0.132288
-0.108768
-0.0209324
-0.0720025
-0.045072
-0.0245341
-0.0352136
-0.0296028
-0.00874038
-0.0328409
-0.0322329
-0.0106332
-0.0320847
-0.0269344
-0.02186
-0.0319276
-0.0270914
-0.0218081
-0.0368424
-0.0336641
-0.0279972
-0.0388548
-0.0221335
-0.071606
-0.107151
-0.106617
-0.11875
-0.120675
-0.141255
-0.148125
-0.151486
0.170445
0.164016
0.286271
0.0693493
0.0801895
0.0889839
0.0936514
-0.0641824
-0.0692833
-0.0621262
-0.0673044
-0.0493095
-0.0315116
-0.0423739
-0.0418874
-0.0269267
-0.037289
-0.0379947
-0.0247089
-0.0347265
-0.0363248
-0.0239729
-0.0301667
-0.0364043
-0.0263394
-0.0301574
-0.0354292
-0.0261752
-0.0321893
-0.0228832
-0.0357372
-0.0281037
-0.0295015
-0.0329123
-0.0273966
-0.0340188
-0.0304602
-0.0330202
-0.0293485
-0.0325291
-0.0297571
-0.0321532
-0.026276
-0.0363376
-0.0316894
-0.0312394
-0.0297713
-0.0266076
-0.0289899
-0.0363412
-0.032881
-0.0299531
-0.0334208
-0.0304958
-0.0253773
-0.0298349
-0.0279616
-0.0264594
-0.0287573
-0.0280083
-0.028408
-0.0268475
-0.0290675
-0.0289908
-0.0291366
-0.0294878
-0.0300322
-0.0277095
-0.0281852
-0.028873
-0.0297722
-0.0236496
-0.0255498
-0.0277893
-0.0213724
-0.0294379
-0.0310435
-0.032843
-0.0281878
-0.0301942
-0.0278784
-0.0303077
-0.0242183
-0.0273549
-0.0309126
-0.0257494
-0.029535
-0.0247043
-0.0415563
-0.0438757
-0.0477968
-0.0471531
-0.0557816
-0.0569492
-0.0658486
-0.0697403
-0.0788789
-0.0844751
0.109115
0.109282
0.106904
0.0918002
0.189241
0.189241
0.0918002
0.105184
-0.104621
-0.105102
-0.102773
-0.0788789
-0.0697403
-0.0658486
-0.0569492
-0.0557816
-0.0471531
-0.0473271
-0.0477968
-0.0438757
-0.0415563
-0.0247043
-0.029535
-0.0257494
-0.0309126
-0.0273549
-0.0242183
-0.0303077
-0.0278784
-0.0301942
-0.0281878
-0.032843
-0.0310435
-0.0294379
-0.0258667
-0.0337072
-0.0310656
-0.0286918
-0.0266015
-0.0318023
-0.0308109
-0.0300153
-0.0294189
-0.0318105
-0.0311913
-0.0307538
-0.0305114
-0.0304816
-0.0268475
-0.028408
-0.0280083
-0.0287573
-0.0255253
-0.0270746
-0.0289499
-0.0232584
-0.0253773
-0.0304958
-0.0334208
-0.0299531
-0.032881
-0.0363412
-0.0289899
-0.0266076
-0.0297713
-0.0312394
-0.0316894
-0.0363376
-0.026276
-0.0321532
-0.0297571
-0.0325291
-0.0293485
-0.0330202
-0.0304602
-0.0340188
-0.0273966
-0.0367605
-0.0333555
-0.0327649
-0.0406548
-0.028013
-0.0377219
-0.0319006
-0.0414644
-0.0363989
-0.0328957
-0.0435028
-0.0381458
-0.0322874
-0.0451999
-0.0433782
-0.034602
-0.0485158
-0.047633
-0.0391428
-0.0546539
-0.0550718
-0.0473153
-0.0648969
-0.0673044
-0.0621262
-0.0962078
-0.0971467
0.0977018
0.0956498
0.0901302
0.0393245
0.0421584
0.0563824
0.0643534
0.067622
0.0712524
-0.0663699
-0.0369345
-0.0384831
-0.0388674
-0.0396154
-0.0414005
-0.031948
-0.0342101
-0.0355311
-0.0372008
-0.0389149
-0.0315061
-0.0332418
-0.0357484
-0.0305195
-0.0337391
-0.0351992
-0.0288314
-0.0327283
-0.0341084
-0.0280664
-0.0302211
-0.033911
-0.0301811
-0.034084
-0.0357523
-0.0308236
-0.0331408
-0.0307432
-0.0318072
-0.0288642
-0.0334725
-0.0308615
-0.0322247
-0.0294386
-0.0311658
-0.0314542
-0.0309725
-0.0294721
-0.0306658
-0.0291373
-0.0291793
-0.0251098
-0.0315716
-0.0259757
-0.0311492
-0.0290708
-0.0327741
-0.0313417
-0.0281211
-0.0339506
-0.0326438
-0.0325411
-0.0370687
-0.0289299
-0.0277946
-0.0346341
-0.0337948
-0.0342726
-0.0248479
-0.0332034
-0.0317854
-0.0319598
-0.0200705
-0.0315672
-0.0311051
-0.0282523
-0.0177293
-0.0205576
-0.0289703
-0.0308745
-0.0227063
-0.0250571
-0.00935827
-0.0278972
-0.0291018
-0.0346181
-0.020709
-0.0270178
-0.0127399
-0.0195572
-0.0359388
-0.0305248
-0.0300668
-0.0369366
-0.0258661
-0.0357026
-0.0622482
-0.0665838
-0.0809758
-0.0864812
-0.167036
-0.178148
0.333333
0.329785
0.343489
0.23094
0.24325
0.187286
-0.136033
-0.122477
-0.103354
-0.0579771
-0.0795812
-0.0724953
-0.0566642
-0.0536726
-0.0369582
-0.0417978
-0.034667
-0.0144937
-0.0236149
-0.03087
-0.0251151
-0.0300957
-0.0271234
-0.0328317
-0.0372434
-0.0324216
-0.0249451
-0.030781
-0.0262077
-0.0325777
-0.0291539
-0.0334473
-0.0277137
-0.0366021
-0.0313888
-0.0262518
-0.0363471
-0.031836
-0.0330891
-0.0291004
-0.0316495
-0.0301906
-0.0282192
-0.0267343
-0.0318691
-0.0306575
-0.0295773
-0.0286229
-0.0277902
-0.0254195
-0.0214843
-0.0235531
-0.0282237
-0.0292851
-0.0295773
-0.0306575
-0.0318065
-0.0275744
-0.0288345
-0.0297684
-0.0309661
-0.029221
-0.0322181
-0.0351648
-0.0312653
-0.034555
-0.0265359
-0.0305967
-0.0341762
-0.0276885
-0.0318562
-0.0278352
-0.0323522
-0.0255349
-0.0304535
-0.0243117
-0.0295271
-0.0302512
-0.023028
-0.0291038
-0.0238095
-0.0301733
-0.0228129
-0.0155191
-0.0338648
-0.0412655
-0.0402136
-0.031656
-0.0531758
-0.0522283
-0.0637374
-0.0656746
-0.0690066
-0.0886423
0.114734
0.190402
0.175091
0.24325
0.23094
0.311233
0.329785
0.333333
-0.238146
-0.230089
-0.0864812
-0.0809758
-0.0665838
-0.0622482
-0.0357026
-0.0258661
-0.0369366
-0.0300668
-0.0305248
-0.0359388
-0.0195572
-0.0127399
-0.0270178
-0.020709
-0.0346181
-0.0291018
-0.0278972
-0.00935827
-0.0250571
-0.0227063
-0.0308745
-0.0289703
-0.0205576
-0.0177293
-0.0282523
-0.0311051
-0.0315672
-0.0200705
-0.030012
-0.0285554
-0.0287837
-0.0190081
-0.038788
-0.0369441
-0.0375807
-0.028638
-0.0288641
-0.0434686
-0.039375
-0.0364
-0.0376689
-0.0344111
-0.0315993
-0.0334802
-0.0292104
-0.0311492
-0.0315716
-0.0216091
-0.0306838