# Noise levels exported from displayNoiseBS (source ImaGene): 
# Format X Y noiseLevel 
-9 2 0.5
-9 2 0.5
-9 3 0.5
-10 3 0.5
-10 3 0.5
-11 3 0.5
-11 4 0.5
-12 4 0.5
-12 5 0.5
-13 5 0.5
-13 5 0.5
-14 5 0.5
-14 6 0.5
-14 6 0.5
-15 6 0.5
-15 7 0.5
-16 7 0.5
-16 8 0.5
-17 8 0.5
-17 8 0.5
-17 9 0.5
-18 9 0.5
-18 10 0.5
-19 10 0.5
-19 10 0.5
-20 11 0.5
-21 11 0.5
-21 12 0.5
-22 12 0.5
-22 12 0.5
-22 13 0.5
-23 13 0.5
-23 14 0.5
-24 14 0.5
-24 14 0.5
-25 14 0.5
-25 14 0.5
-25 14 0.5
-25 13 1
-24 13 1
-24 13 1
-24 12 0.5
-24 12 0.5
-24 11 0.5
-23 11 0.5
-23 11 0.5
-23 10 0.5
-22 10 0.5
-22 10 0.5
-22 9 0.5
-21 9 0.5
-21 9 0.5
-21 8 0.5
-20 8 0.5
-20 7 0.5
-20 7 0.5
-19 7 0.5
-19 6 0.5
-19 6 0.5
-18 6 0.5
-18 5 0.5
-17 5 0.5
-17 5 0.5
-16 5 0.5
-16 4 0.5
-16 4 0.5
-15 4 0.5
-15 3 0.5
-14 3 0.5
-14 3 0.5
-13 3 0.5
-13 2 0.5
-12 2 0.5
-12 2 0.5
-11 2 0.5
-11 1 0.5
-10 1 0.5
-10 1 0.5
-9 1 0.5
-8 1 0.5
-8 1 0.5
-8 0 0.5
-7 0 0.5
-6 0 0.5
-6 0 0.5
-5 0 0.5
-4 0 0.5
-3 0 0.5
-2 0 0.5
-1 0 0.5
0 0 0.5
1 0 0.5
2 0 0.5
3 0 0.5
3 0 0.5
4 0 0.5
5 0 0.5
6 0 0.5
7 0 0.5
7 1 0.5
8 1 0.5
9 1 0.5
10 1 0.5
10 2 0.5
11 2 0.5
12 2 0.5
13 3 0.5
13 3 0.5
14 3 0.5
15 3 0.5
15 4 0.5
16 4 0.5
17 5 0.5
18 5 0.5
18 6 0.5
19 6 0.5
20 6 0.5
20 7 0.5
21 7 0.5
21 8 0.5
22 8 0.5
23 9 0.5
24 9 0.5
24 10 0.5
25 10 0.5
25 11 0.5
26 11 0.5
26 12 0.5
27 12 0.5
27 13 0.5
28 13 0.5
28 13 0.5
28 14 0.5
29 14 0.5
29 14 0.5
29 14 0.5
29 14 0.5
28 14 0.5
28 13 0.5
28 13 0.5
27 13 0.5
27 12 0.5
26 12 0.5
26 11 0.5
25 11 0.5
25 10 0.5
24 10 0.5
24 10 0.5
24 9 0.5
23 9 0.5
22 8 0.5
21 8 0.5
21 7 0.5
20 7 0.5
20 6 0.5
19 6 0.5
18 6 0.5
18 5 0.5
17 5 0.5
16 4 0.5
15 4 0.5
15 3 0.5
14 3 0.5
13 3 0.5
13 3 0.5
13 2 0.5
12 2 0.5
11 2 0.5
10 2 0.5
10 1 0.5
9 1 0.5
8 1 0.5
7 1 0.5
7 0 0.5
6 0 0.5
5 0 0.5
4 0 0.5
3 0 0.5
3 0 0.5
2 0 0.5
1 0 0.5
0 0 0.5
-1 0 0.5
-2 0 0.5
-3 0 0.5
-3 0 0.5
-4 0 0.5
-5 0 0.5
-6 0 0.5
-6 0 0.5
-7 0 0.5
-8 0 0.5
-8 1 0.5
-8 1 0.5
-9 1 0.5
-10 1 0.5
-10 1 0.5
-11 1 0.5
-11 2 0.5
-12 2 0.5
-12 2 0.5
-13 2 0.5
-13 3 0.5
-14 3 0.5
-14 3 0.5
-15 3 0.5
-15 4 0.5
-16 4 0.5
-16 4 0.5
-16 5 0.5
-17 5 0.5
-17 5 0.5
-18 5 0.5
-18 6 0.5
-19 6 0.5
-19 6 0.5
-19 7 0.5
-20 7 0.5
-20 7 0.5
-20 8 0.5
-21 8 0.5
-21 9 0.5
-21 9 0.5
-22 9 0.5
-22 10 0.5
-22 10 0.5
-23 10 0.5
-23 11 0.5
-23 11 0.5
-24 11 0.5
-24 12 1
-24 12 1
-24 13 1
-24 13 1
-25 13 1
-25 14 0.5
-25 14 0.5
-25 14 0.5
-24 14 1
-24 14 1
-23 14 1
-23 13 0.5
-22 13 0.5
-22 12 0.5
-22 12 0.5
-21 12 0.5
-21 11 0.5
-20 11 0.5
-19 10 0.5
-19 10 0.5
-18 10 0.5
-18 9 0.5
-17 9 0.5
-17 8 0.5
-17 8 0.5
-16 8 0.5
-16 7 0.5
-15 7 0.5
-15 6 0.5
-14 6 0.5
-14 6 0.5
-14 5 0.5
-13 5 0.5
-13 5 0.5
-12 5 0.5
-12 4 0.5
-11 4 0.5
-11 3 0.5
-10 3 0.5
-10 3 0.5
-9 3 0.5
-9 2 0.5
-8 2 0.5
-8 2 0.5
-7 1 0.5
-7 1 0.5
-6 1 0.5
-6 1 0.5
-5 1 0.5
-5 0 0.5
-4 0 0.5
-4 0 0.5
-3 0 0.5
-3 0 0.5
-2 0 0.5
-2 0 0.5
-1 0 0.5
0 0 0.5
1 0 0.5
1 0 0.5
2 0 0.5
2 0 0.5
2 0 0.5
3 0 0.5
3 0 0.5
3 0 0.5
4 0 0.5
4 1 0.5
4 1 0.5
5 1 0.5
5 1 0.5
5 1 0.5
5 2 0.5
6 2 0.5
6 2 0.5
6 2 0.5
6 3 0.5
7 3 0.5
7 3 0.5
7 3 0.5
7 4 0.5
7 4 0.5
8 4 0.5
8 4 0.5
8 5 0.5
8 5 0.5
8 6 0.5
9 6 0.5
9 6 0.5
9 6 0.5
9 7 0.5
9 7 0.5
9 8 0.5
9 8 0.5
10 8 0.5
10 9 0.5
10 9 0.5
10 9 0.5
10 10 0.5
10 10 0.5
10 11 0.5
10 11 0.5
10 12 0.5
10 12 0.5
10 13 0.5
10 13 0.5
10 13 0.5
10 14 0.5
9 14 0.5
9 14 0.5
8 14 0.5
7 14 0.5
7 13 0.5
6 13 0.5
6 12 0.5
6 12 0.5
5 12 0.5
5 11 2
5 11 2
5 10 1
5 10 1
4 10 1
4 9 1
4 9 1
4 8 1
3 8 1
3 8 1
3 7 1
3 7 1
3 6 0.5
2 6 0.5
2 6 0.5
2 6 0.5
2 5 0.5
2 5 0.5
2 4 0.5
2 4 0.5
1 4 0.5
1 4 0.5
1 3 0.5
1 3 0.5
1 3 0.5
1 2 0.5
1 2 0.5
0 2 0.5
0 2 0.5
0 1 0.5
0 1 0.5
0 1 0.5
0 1 0.5
0 0 0.5
0 0 0.5
0 0 0.5
0 0 0.5
0 0 0.5
0 0 0.5
0 0 0.5
0 0 0.5
0 0 0.5
0 0 0.5
0 0 0.5
0 0 0.5
0 0 0.5
0 1 0.5
0 1 0.5
0 1 0.5
0 1 0.5
0 2 0.5
0 2 0.5
0 2 0.5
1 2 0.5
1 2 0.5
1 3 0.5
1 3 0.5
1 3 0.5
1 4 0.5
1 4 0.5
2 4 0.5
2 4 0.5
2 5 0.5
2 5 0.5
2 6 0.5
2 6 0.5
3 6 0.5
3 7 1
3 7 1
3 8 1
3 8 1
4 8 1
4 9 1
4 9 1
4 9 1
4 10 1
5 10 1
5 10 1
5 11 2
5 11 2
5 12 0.5
6 12 0.5
6 12 0.5
6 13 0.5
7 13 0.5
7 14 0.5
8 14 0.5
9 14 0.5
9 14 0.5
10 14 0.5
10 13 0.5
10 13 0.5
10 13 0.5
10 12 0.5
10 12 0.5
10 11 0.5
10 11 0.5
10 10 0.5
10 10 0.5
10 9 0.5
10 9 0.5
10 9 0.5
10 8 0.5
9 8 0.5
9 8 0.5
9 7 0.5
9 7 0.5
9 6 0.5
9 6 0.5
9 6 0.5
8 6 0.5
8 5 0.5
8 5 0.5
8 4 0.5
8 4 0.5
7 4 0.5
7 4 0.5
7 3 0.5
7 3 0.5
7 3 0.5
6 3 0.5
6 2 0.5
6 2 0.5
6 2 0.5
5 2 0.5
5 1 0.5
5 1 0.5
5 1 0.5
4 1 0.5
4 1 0.5
4 0 0.5
3 0 0.5
3 0 0.5
3 0 0.5
2 0 0.5
2 0 0.5
2 0 0.5
1 0 0.5
1 0 0.5
-1 0 0.5
-2 0 0.5
-2 0 0.5
-3 0 0.5
-3 0 0.5
-4 0 0.5
-4 0 0.5
-5 0 0.5
-5 1 0.5
-6 1 0.5
-6 1 0.5
-7 1 0.5
-7 1 0.5
-8 1 0.5
-8 2 0.5
-8 2 0.5
