0
-0.0338955
-0.00999474
-0.0168049
-0.010334
-0.0131155
-0.0107577
-0.011614
-0.0106542
-0.0110573
-0.0110017
-0.0110017
-0.0113716
-0.0113716
-0.0117661
-0.00710302
-0.00779256
-0.0078983
-0.00859656
-0.00865902
-0.00935804
-0.00940069
-0.0101001
-0.0101376
-0.0108402
-0.00741632
-0.00835264
-0.00831453
-0.00923258
-0.00921813
-0.0101291
-0.0101418
-0.00808604
-0.00795584
-0.00908734
-0.00900963
-0.0101389
-0.010114
-0.00838462
-0.00871702
-0.00871702
-0.0097824
-0.0097824
-0.00833198
-0.00833198
-0.00952924
-0.00952924
-0.0108196
-0.00820142
-0.00970107
-0.00970107
-0.00982079
-0.00879013
-0.00881088
-0.00997524
-0.0100604
-0.00919232
-0.0100471
-0.0100471
-0.0112325
-0.00938542
-0.0107
-0.0107
-0.0087927
-0.0099365
-0.00994082
-0.00924681
-0.00957608
-0.00957608
-0.0108864
-0.0093662
-0.0121308
-0.0121308
-0.00896884
-0.0110304
-0.0110153
-0.00693378
-0.0102744
-0.0102744
-0.0102744
-0.0102744
-0.00693378
-0.0110153
-0.0110304
-0.00896884
-0.0121308
-0.0121308
-0.0093662
-0.0112866
-0.00874602
-0.00874602
-0.00848485
-0.00926991
-0.00941752
-0.0067407
-0.0125433
-0.0125433
-0.00981774
-0.0121119
-0.010278
-0.010278
-0.0098215
-0.0107789
-0.0110131
-0.00886756
-0.00929882
-0.0106686
-0.00941682
-0.00941682
-0.00752923
-0.0108542
-0.00928695
-0.00928695
-0.00780843
-0.00780843
-0.00974486
-0.00974486
-0.00993703
-0.00855461
-0.00825257
-0.0100656
-0.0100807
-0.00945138
-0.00935472
-0.00816798
-0.00735439
-0.00929577
-0.00921341
-0.00843179
-0.0083858
-0.00764372
-0.00762764
-0.00691655
-0.00968715
-0.00912134
-0.00903834
-0.00850275
-0.00860681
-0.00797026
-0.00799536
-0.00721139
-0.00737787
-0.00737787
-0.0105235
-0.0105235
-0.0101358
-0.0101358
-0.0100704
-0.0100704
-0.00924663
-0.00924663
-0.0094715
-0.0094715
-0.00931387
-0.00931387
-0.00896481
-0.00896481
-0.00894546
-0.00894546
-0.00897817
-0.00897817
-0.00903208
-0.00903208
-0.00919159
-0.00919159
-0.0094075
-0.0094075
-0.00968418
-0.00968418
-0.0100282
-0.0100282
-0.0104489
-0.0056931
-0.00737787
-0.00737787
-0.00811727
-0.00811727
-0.00863741
-0.00863741
-0.00927183
-0.00927183
-0.00995522
-0.00709038
-0.00791305
-0.00791305
-0.00945476
-0.00945476
-0.0103767
-0.0103767
-0.00829221
-0.00829221
-0.00960448
-0.00960448
-0.0103
-0.0103
-0.00823623
-0.00823623
-0.00840499
-0.00964326
-0.0098866
-0.00801853
-0.00795995
-0.0106786
-0.0110462
-0.0128966
-0.00830316
-0.00830316
-0.0109351
-0.0109176
-0.00929882
-0.00886756
-0.0110131
-0.0107789
-0.0098215
-0.010278
-0.010278
-0.0121119
-0.00918449
-0.0115712
-0.0115712
-0.00643413
-0.0103895
-0.00890587
-0.012074
-0.00891177
-0.00891177
-0.0114738
-0.00824765
-0.0117426
-0.0117426
-0.0074582
-0.0114124
-0.0119212
-0.00678944
-0.0113636
-0.0113636
-0.00863949
-0.0111355
-0.0117146
-0.0113487
-0.0114669
-0.0074582
-0.0121308
-0.0121308
-0.0093662
-0.0112866
-0.0111146
-0.00874602
-0.00848485
-0.0113432
-0.0110657
-0.0110657
-0.0121064
-0.0121064
-0.00807245
-0.0100445
-0.00827762
-0.00827762
-0.00873077
-0.0106439
-0.0104413
-0.00811149
-0.00809719
-0.0105871
-0.0104653
-0.0104653
-0.00779873
-0.0110303
-0.00922611
-0.00922611
-0.0075477
-0.0075477
-0.00980783
-0.00980783
-0.00984254
-0.00848236
-0.00825257
-0.0100656
-0.0100807
-0.00964208
-0.00979768
-0.00847757
-0.00735439
-0.00929577
-0.00921341
-0.00843179
-0.0083858
-0.00764372
-0.00762764
-0.00691655
-0.00974814
-0.00931698
-0.00924716
-0.00924716
-0.00895068
-0.00895068
-0.00851275
-0.00851275
-0.00815617
-0.00815617
-0.00680974
-0.00982398
-0.00944687
-0.00944687
-0.00945477
-0.00945477
-0.00924663
-0.00924663
-0.0094715
-0.0094715
-0.00931387
-0.00931387
-0.00896481
-0.00896481
-0.00894546
-0.00894546
-0.00897817
-0.00897817
-0.00903208
-0.00903208
-0.00919159
-0.00919159
-0.0094075
-0.0094075
-0.00968418
-0.00968418
-0.0100282
-0.0100282
-0.0104489
-0.00691964
-0.0082144
-0.0082144
-0.00865807
-0.00865807
-0.00915072
-0.00915072
-0.00970059
-0.00970059
-0.0103178
-0.00705142
-0.00799454
-0.00799454
-0.00952949
-0.00952949
-0.0100597
-0.0100597
-0.0090046
-0.0090046
-0.00973223
-0.00973223
-0.010475
-0.010475
-0.00816394
0.00854012
0.00838669
0.00846601
0.00831921
0.0084726
0.00828238
0.00837597
0.00819613
0.00828662
0.00830645
0.00830645
0.00822188
0.00822188
0.00830772
0.00830772
0.00822561
0.00822561
0.00823134
0.00829882
0.00812303
0.00819068
0.00821042
0.00826605
0.00810986
0.00827875
0.0081785
0.0081785
0.00808437
0.00823286
0.00809775
0.00813915
0.00814748
0.00818284
0.00805879
0.00818698
0.00809899
0.00809899
0.00810351
0.00813094
0.00801967
0.0081321
0.00804905
0.00804905
0.00807209
0.00807209
-nan
0
0
