# Noise levels exported from displayNoiseBS (source ImaGene): 
# Format X Y noiseLevel 
0 0 0.5
0 1 0.5
1 1 0.5
1 2 0.5
2 2 0.5
2 3 0.5
3 3 0.5
3 4 0.5
4 4 0.5
4 5 0.5
5 5 0.5
5 5 0.5
6 6 0.5
6 6 0.5
7 7 0.5
7 8 0.5
8 8 0.5
8 9 0.5
9 9 0.5
9 10 0.5
10 10 0.5
10 11 0.5
11 11 0.5
11 12 0.5
12 12 0.5
12 13 0.5
13 13 0.5
13 14 0.5
14 14 0.5
14 15 0.5
15 15 0.5
15 16 0.5
16 16 0.5
16 17 0.5
17 17 0.5
17 18 0.5
18 18 0.5
18 19 0.5
19 19 0.5
19 20 0.5
19 20 0.5
20 21 0.5
20 21 0.5
21 22 0.5
21 22 0.5
22 23 0.5
22 23 0.5
23 24 0.5
23 24 0.5
24 25 0.5
24 25 0.5
24 26 0.5
25 26 0.5
25 27 0.5
26 27 0.5
26 28 0.5
27 28 0.5
27 29 0.5
27 29 0.5
28 30 0.5
28 30 0.5
29 31 0.5
29 31 0.5
29 32 0.5
30 32 0.5
30 33 0.5
31 33 0.5
31 34 0.5
31 34 0.5
32 35 0.5
32 35 0.5
33 36 0.5
33 36 0.5
33 37 0.5
34 37 0.5
34 38 0.5
34 38 0.5
35 39 0.5
35 39 0.5
36 40 0.5
36 40 0.5
36 41 0.5
37 41 0.5
37 42 0.5
37 42 0.5
38 43 0.5
38 43 0.5
38 44 0.5
39 44 0.5
39 45 0.5
39 45 0.5
39 46 0.5
40 46 0.5
40 47 0.5
40 47 0.5
41 48 0.5
41 48 0.5
41 49 0.5
42 49 0.5
42 50 0.5
42 50 0.5
42 51 0.5
43 51 0.5
43 52 0.5
43 52 0.5
43 53 0.5
44 53 0.5
44 54 0.5
44 54 0.5
44 55 0.5
45 55 0.5
45 56 0.5
45 56 0.5
45 57 0.5
45 57 0.5
46 58 0.5
46 58 0.5
46 59 0.5
46 59 0.5
46 60 0.5
47 60 0.5
47 61 0.5
47 61 0.5
47 62 0.5
47 62 0.5
47 63 0.5
48 63 0.5
48 64 0.5
48 64 0.5
48 65 0.5
48 65 0.5
48 66 0.5
48 66 0.5
49 67 0.5
49 67 0.5
49 68 0.5
49 68 0.5
49 69 0.5
49 69 0.5
49 70 0.5
49 70 0.5
49 71 0.5
49 71 0.5
50 72 0.5
50 72 0.5
50 73 0.5
50 73 0.5
50 74 0.5
50 74 0.5
50 75 0.5
50 75 0.5
50 76 0.5
50 76 0.5
50 77 0.5
50 77 0.5
50 78 0.5
50 78 0.5
50 79 0.5
50 79 0.5
50 80 0.5
50 80 0.5
50 81 0.5
50 81 0.5
50 82 0.5
50 82 0.5
50 83 0.5
50 83 0.5
50 84 0.5
50 84 0.5
50 85 0.5
50 85 0.5
50 86 0.5
49 86 0.5
49 87 0.5
49 87 0.5
49 88 0.5
49 88 0.5
49 89 0.5
49 89 0.5
49 90 0.5
49 90 0.5
49 91 0.5
48 91 0.5
48 92 0.5
48 92 0.5
48 93 0.5
48 93 0.5
48 94 0.5
48 94 0.5
47 95 0.5
47 95 0.5
47 96 0.5
47 96 0.5
47 97 0.5
47 97 0.5
46 98 0.5
46 98 0.5
46 99 0.5
46 99 0.5
46 100 0.5
45 100 0.5
45 101 0.5
45 101 0.5
45 102 0.5
45 102 0.5
44 103 0.5
44 103 0.5
44 103 0.5
44 104 0.5
43 104 0.5
43 105 0.5
43 105 0.5
43 106 0.5
42 106 0.5
42 107 0.5
42 107 0.5
42 108 0.5
41 108 0.5
41 109 0.5
41 109 0.5
40 110 0.5
40 110 0.5
40 111 0.5
40 111 0.5
39 112 0.5
39 112 0.5
39 113 0.5
38 113 0.5
38 114 0.5
38 114 0.5
37 115 0.5
37 115 0.5
37 116 0.5
36 116 0.5
36 117 0.5
36 117 0.5
35 118 0.5
35 118 0.5
35 119 0.5
34 119 0.5
34 120 0.5
33 120 0.5
33 121 0.5
33 121 0.5
32 122 0.5
32 122 0.5
32 123 0.5
31 123 0.5
31 124 0.5
30 124 0.5
30 125 0.5
30 125 0.5
29 126 0.5
29 126 0.5
28 127 0.5
28 127 0.5
27 128 0.5
27 128 0.5
27 129 0.5
26 129 0.5
26 130 0.5
25 130 0.5
25 131 0.5
24 131 0.5
24 132 0.5
24 132 0.5
23 133 0.5
23 133 0.5
22 134 0.5
22 134 0.5
21 135 0.5
21 135 0.5
20 136 0.5
20 136 0.5
20 137 0.5
19 137 0.5
19 138 0.5
18 138 0.5
18 139 0.5
17 139 0.5
17 140 0.5
16 140 0.5
16 141 0.5
15 141 0.5
15 142 0.5
14 142 0.5
14 143 0.5
13 143 0.5
13 144 0.5
12 144 0.5
12 145 0.5
11 145 0.5
11 146 0.5
11 146 0.5
10 147 0.5
10 147 0.5
9 148 0.5
9 148 0.5
8 149 0.5
8 149 0.5
7 150 0.5
7 150 0.5
6 151 0.5
6 151 0.5
5 152 0.5
5 152 0.5
4 153 0.5
4 153 0.5
3 154 0.5
3 154 0.5
2 155 0.5
2 155 0.5
1 156 0.5
1 156 0.5
0 157 0.5
0 157 0.5
-1 158 0.5
-1 158 0.5
-2 159 0.5
-2 159 0.5
-3 160 0.5
-3 160 0.5
-4 161 0.5
-4 161 0.5
-5 162 0.5
-5 162 0.5
-6 163 0.5
-6 163 0.5
-7 164 0.5
-7 164 0.5
-8 165 0.5
-8 165 0.5
-9 166 0.5
-9 166 0.5
-10 167 0.5
-10 167 0.5
-11 168 0.5
-11 168 0.5
-12 169 0.5
-12 169 0.5
-13 170 0.5
-13 170 0.5
-14 171 0.5
-14 171 0.5
-15 172 0.5
-15 172 0.5
-16 173 0.5
-16 173 0.5
-17 174 0.5
-17 174 0.5
-18 175 0.5
-18 175 0.5
-18 176 0.5
-19 176 0.5
-19 177 0.5
-20 177 0.5
-20 178 0.5
-21 178 0.5
-21 179 0.5
-22 179 0.5
-22 180 0.5
-23 180 0.5
-23 181 0.5
-23 181 0.5
-24 182 0.5
-24 182 0.5
-25 183 0.5
-25 183 0.5
-26 184 0.5
-26 184 0.5
-26 185 0.5
-27 185 0.5
-27 186 0.5
-28 186 0.5
-28 187 0.5
-29 187 0.5
-29 188 0.5
-29 188 0.5
-30 189 0.5
-30 189 0.5
-31 190 0.5
-31 190 0.5
-31 191 0.5
-32 191 0.5
-32 192 0.5
-33 192 0.5
-33 193 0.5
-33 193 0.5
-34 194 0.5
-34 194 0.5
-34 195 0.5
-35 195 0.5
-35 196 0.5
-35 196 0.5
-36 197 0.5
-36 197 0.5
-37 198 0.5
-37 198 0.5
-37 199 0.5
-38 199 0.5
-38 200 0.5
