# Noise levels exported from displayNoiseBS (source ImaGene): 
# Format X Y noiseLevel 
50 0 0.5
50 1 0.5
50 1 0.5
50 2 0.5
50 2 0.5
50 3 0.5
50 3 0.5
50 4 0.5
50 4 0.5
50 5 1
50 5 1
50 5 1
50 6 1
50 6 1
50 7 1
49 8 1
49 8 1
49 9 1
49 9 1
49 10 1
49 10 1
49 11 1
49 11 1
49 12 1
49 12 1
48 13 1
48 13 1
48 14 1
48 14 1
48 15 0.5
48 15 0.5
48 16 0.5
47 16 0.5
47 17 0.5
47 17 0.5
47 18 0.5
47 18 0.5
47 19 0.5
46 19 0.5
46 20 0.5
46 20 0.5
46 21 0.5
46 21 0.5
45 22 0.5
45 22 0.5
45 23 0.5
45 23 0.5
45 24 0.5
44 24 0.5
44 25 0.5
44 25 0.5
44 26 0.5
43 26 0.5
43 27 0.5
43 27 0.5
43 28 0.5
42 28 0.5
42 29 0.5
42 29 0.5
42 30 0.5
41 30 0.5
41 31 0.5
41 31 0.5
40 32 0.5
40 32 0.5
40 33 0.5
39 33 0.5
39 34 0.5
39 34 0.5
39 35 0.5
38 35 0.5
38 36 0.5
38 36 0.5
37 37 0.5
37 37 0.5
37 38 0.5
36 38 0.5
36 39 0.5
36 39 0.5
35 40 0.5
35 40 0.5
34 41 0.5
34 41 0.5
34 42 0.5
33 42 0.5
33 43 0.5
33 43 0.5
32 44 0.5
32 44 0.5
31 45 0.5
31 45 0.5
31 46 0.5
30 46 0.5
30 47 0.5
29 47 0.5
29 48 0.5
29 48 0.5
28 49 0.5
28 49 0.5
27 50 0.5
27 50 0.5
27 51 0.5
26 51 0.5
26 52 0.5
25 52 0.5
25 53 0.5
24 53 0.5
24 54 0.5
24 54 0.5
23 55 0.5
23 55 0.5
22 56 0.5
22 56 0.5
21 57 0.5
21 57 0.5
20 58 0.5
20 58 0.5
20 59 0.5
19 59 0.5
19 60 0.5
18 60 0.5
18 61 0.5
17 61 0.5
17 62 0.5
16 62 0.5
16 63 0.5
15 63 0.5
15 64 0.5
14 64 0.5
14 65 0.5
13 65 0.5
13 66 0.5
12 66 0.5
12 67 0.5
11 67 0.5
11 68 0.5
10 68 0.5
10 69 0.5
9 69 0.5
9 70 0.5
8 70 0.5
8 71 0.5
8 71 0.5
7 72 0.5
7 72 0.5
6 73 0.5
6 73 0.5
5 74 0.5
5 74 0.5
4 75 0.5
4 75 0.5
3 76 0.5
3 76 0.5
2 77 0.5
2 77 0.5
1 78 0.5
1 78 0.5
0 79 0.5
0 79 0.5
-1 80 0.5
-1 80 0.5
-2 81 0.5
-2 81 0.5
-3 82 0.5
-3 82 0.5
-4 83 0.5
-4 83 0.5
-5 84 0.5
-5 84 0.5
-6 85 0.5
-6 85 0.5
-7 86 0.5
-7 86 0.5
-8 87 0.5
-8 87 0.5
-9 88 0.5
-9 88 0.5
-10 89 0.5
-10 89 0.5
-11 90 0.5
-11 90 0.5
-12 91 0.5
-12 91 0.5
-13 92 0.5
-13 92 0.5
-14 93 0.5
-14 93 0.5
-15 94 0.5
-15 94 0.5
-16 95 0.5
-16 95 0.5
-17 96 0.5
-17 96 0.5
-18 97 0.5
-18 97 0.5
-19 98 0.5
-19 98 0.5
-19 99 0.5
-20 99 0.5
-20 100 0.5
-21 100 0.5
-21 101 0.5
-22 101 0.5
-22 102 0.5
-23 102 0.5
-23 103 0.5
-23 103 0.5
-24 103 0.5
-24 104 0.5
-25 104 0.5
-25 105 0.5
-26 105 0.5
-26 106 0.5
-27 106 0.5
-27 107 0.5
-27 107 0.5
-28 108 0.5
-28 108 0.5
-29 109 0.5
-29 109 0.5
-29 110 0.5
-30 110 0.5
-30 111 0.5
-31 111 0.5
-31 112 0.5
-31 112 0.5
-32 113 0.5
-32 113 0.5
-33 114 0.5
-33 114 0.5
-33 115 0.5
-34 115 0.5
-34 116 0.5
-34 116 0.5
-35 117 0.5
-35 117 0.5
-35 118 0.5
-36 118 0.5
-36 119 0.5
-37 119 0.5
-37 120 0.5
-37 120 0.5
-38 121 0.5
-38 121 0.5
-38 122 0.5
-39 122 0.5
-39 123 0.5
-39 123 0.5
-39 124 0.5
-40 124 0.5
-40 125 0.5
-40 125 0.5
-41 126 0.5
-41 126 0.5
-41 127 0.5
-42 127 0.5
-42 128 0.5
-42 128 0.5
-42 129 0.5
-43 129 0.5
-43 130 0.5
-43 130 0.5
-43 131 0.5
-44 131 0.5
-44 132 0.5
-44 132 0.5
-44 133 0.5
-45 133 0.5
-45 134 0.5
-45 134 0.5
-45 135 0.5
-45 135 0.5
-46 136 0.5
-46 136 0.5
-46 137 0.5
-46 137 0.5
-46 138 0.5
-47 138 0.5
-47 139 0.5
-47 139 0.5
-47 140 0.5
-47 140 0.5
-47 141 0.5
-48 141 0.5
-48 142 0.5
-48 142 0.5
-48 143 0.5
-48 143 0.5
-48 144 0.5
-48 144 0.5
-49 145 0.5
-49 145 0.5
-49 146 0.5
-49 146 0.5
-49 147 0.5
-49 147 0.5
-49 148 0.5
-49 148 0.5
-49 149 0.5
-49 149 0.5
-49 150 0.5
-50 150 0.5
-50 151 0.5
-50 151 0.5
-50 152 0.5
-50 152 0.5
-50 153 0.5
-50 153 0.5
-50 154 0.5
-50 154 0.5
-50 155 0.5
-50 155 0.5
-50 156 0.5
-50 156 0.5
-50 157 0.5
-50 157 0.5
-50 158 0.5
-50 158 0.5
-50 159 0.5
-50 159 0.5
-50 160 0.5
-50 160 0.5
-50 161 0.5
-50 161 0.5
-50 162 0.5
-50 162 0.5
-50 163 0.5
-50 163 0.5
-50 164 0.5
-49 164 0.5
-49 165 0.5
-49 165 0.5
-49 166 0.5
-49 166 0.5
-49 167 0.5
-49 167 0.5
-49 168 0.5
-49 168 0.5
-49 169 0.5
-48 169 0.5
-48 170 0.5
-48 170 0.5
-48 171 0.5
-48 171 0.5
-48 172 0.5
-48 172 0.5
-47 173 0.5
-47 173 0.5
-47 174 0.5
-47 174 0.5
-47 175 0.5
-47 175 0.5
-46 176 0.5
-46 176 0.5
-46 177 0.5
-46 177 0.5
-46 178 0.5
-45 178 0.5
-45 179 0.5
-45 179 0.5
-45 180 0.5
-45 180 0.5
-44 181 0.5
-44 181 0.5
-44 182 0.5
-44 182 0.5
-43 183 0.5
-43 183 0.5
-43 184 0.5
-43 184 0.5
-42 185 0.5
-42 185 0.5
-42 186 0.5
-42 186 0.5
-41 187 0.5
-41 187 0.5
-41 188 0.5
-40 188 0.5
-40 189 0.5
-40 189 0.5
-40 190 0.5
-39 190 0.5
-39 191 0.5
-39 191 0.5
-38 192 0.5
-38 192 0.5
-38 193 0.5
-37 193 0.5
-37 194 0.5
-37 194 0.5
-36 195 0.5
-36 195 0.5
-36 196 0.5
-35 196 1
-35 197 1
-35 197 1
-34 198 0.5
-34 198 0.5
-33 199 0.5
-33 199 0.5
-33 200 0.5
