# Noise levels exported from displayNoiseBS (source ImaGene): 
# Format X Y noiseLevel 
50 0 0.5
50 0 0.5
50 1 0.5
50 1 0.5
50 2 0.5
50 2 0.5
50 3 1
50 3 1
50 4 1
50 4 1
50 5 0.5
50 5 0.5
50 6 0.5
50 6 0.5
50 7 0.5
49 7 0.5
49 8 0.5
49 8 0.5
49 9 0.5
49 9 0.5
49 10 0.5
49 10 0.5
49 11 0.5
49 11 0.5
49 12 0.5
48 12 0.5
48 13 0.5
48 13 0.5
48 14 0.5
48 14 0.5
48 15 0.5
48 15 0.5
47 16 0.5
47 16 0.5
47 17 0.5
47 17 0.5
47 18 0.5
47 18 0.5
46 19 0.5
46 19 0.5
46 19 0.5
46 20 0.5
46 20 0.5
45 21 0.5
45 21 0.5
45 22 0.5
45 22 0.5
45 23 0.5
44 23 0.5
44 24 0.5
44 24 0.5
44 24 0.5
43 25 0.5
43 25 0.5
43 26 0.5
43 26 0.5
42 27 0.5
42 27 0.5
42 27 0.5
42 28 0.5
41 28 0.5
41 29 0.5
41 29 0.5
40 29 0.5
40 30 0.5
40 30 0.5
39 31 0.5
39 31 0.5
39 31 0.5
39 32 0.5
38 32 0.5
38 33 0.5
38 33 0.5
37 33 0.5
37 34 0.5
37 34 0.5
36 34 0.5
36 35 0.5
36 35 0.5
35 36 0.5
35 36 0.5
34 36 0.5
34 37 0.5
34 37 0.5
33 37 0.5
33 38 0.5
33 38 0.5
32 38 0.5
32 39 0.5
31 39 0.5
31 39 0.5
31 39 0.5
30 40 0.5
30 40 0.5
29 40 0.5
29 41 0.5
29 41 0.5
28 41 0.5
28 42 0.5
27 42 0.5
27 42 0.5
27 42 0.5
26 43 0.5
26 43 0.5
25 43 0.5
25 43 0.5
24 44 0.5
24 44 0.5
24 44 0.5
23 44 0.5
23 45 0.5
22 45 0.5
22 45 0.5
21 45 0.5
21 45 0.5
20 46 0.5
20 46 0.5
20 46 0.5
19 46 0.5
19 46 0.5
18 47 0.5
18 47 0.5
17 47 0.5
17 47 0.5
16 47 0.5
16 47 0.5
15 48 0.5
15 48 0.5
14 48 0.5
14 48 0.5
13 48 0.5
13 48 0.5
12 48 0.5
12 49 0.5
11 49 0.5
11 49 0.5
10 49 0.5
10 49 0.5
9 49 0.5
9 49 0.5
8 49 0.5
8 49 0.5
8 49 0.5
7 50 0.5
7 50 0.5
6 50 0.5
6 50 0.5
5 50 0.5
5 50 0.5
4 50 0.5
4 50 0.5
3 50 0.5
3 50 0.5
2 50 0.5
2 50 0.5
1 50 0.5
1 50 0.5
0 50 0.5
0 50 0.5
-1 50 0.5
-1 50 0.5
-2 50 0.5
-2 50 0.5
-3 50 0.5
-3 50 0.5
-4 50 0.5
-4 50 0.5
-5 50 0.5
-5 50 0.5
-6 50 0.5
-6 50 0.5
-7 50 0.5
-7 49 0.5
-8 49 0.5
-8 49 0.5
-9 49 0.5
-9 49 0.5
-10 49 0.5
-10 49 0.5
-11 49 0.5
-11 49 0.5
-12 49 0.5
-12 48 0.5
-13 48 0.5
-13 48 0.5
-14 48 0.5
-14 48 0.5
-15 48 0.5
-15 48 0.5
-16 47 0.5
-16 47 0.5
-17 47 0.5
-17 47 0.5
-18 47 0.5
-18 47 0.5
-19 46 0.5
-19 46 0.5
-19 46 0.5
-20 46 0.5
-20 46 0.5
-21 45 0.5
-21 45 0.5
-22 45 0.5
-22 45 0.5
-23 45 0.5
-23 44 0.5
-23 44 0.5
-24 44 0.5
-24 44 0.5
-25 43 0.5
-25 43 0.5
-26 43 0.5
-26 43 0.5
-27 42 0.5
-27 42 0.5
-27 42 0.5
-28 42 0.5
-28 41 0.5
-29 41 0.5
-29 41 0.5
-29 40 0.5
-30 40 0.5
-30 40 0.5
-31 40 0.5
-31 39 0.5
-31 39 0.5
-32 39 0.5
-32 38 0.5
-33 38 0.5
-33 38 0.5
-33 37 0.5
-34 37 0.5
-34 37 0.5
-34 36 0.5
-35 36 0.5
-35 36 0.5
-35 35 0.5
-36 35 0.5
-36 35 0.5
-37 34 0.5
-37 34 0.5
-37 33 0.5
-38 33 0.5
-38 33 0.5
-38 32 0.5
-39 32 0.5
-39 32 0.5
-39 31 0.5
-39 31 0.5
-40 30 0.5
-40 30 0.5
-40 30 0.5
-41 29 0.5
-41 29 0.5
-41 28 0.5
-42 28 0.5
-42 27 0.5
-42 27 0.5
-42 27 0.5
-43 26 0.5
-43 26 0.5
-43 25 0.5
-43 25 0.5
-44 24 0.5
-44 24 0.5
-44 24 0.5
-44 23 0.5
-45 23 0.5
-45 22 0.5
-45 22 0.5
-45 21 0.5
-45 21 0.5
-46 20 0.5
-46 20 0.5
-46 20 0.5
-46 19 0.5
-46 19 0.5
-47 18 0.5
-47 18 0.5
-47 17 0.5
-47 17 0.5
-47 16 0.5
-47 16 0.5
-48 15 0.5
-48 15 0.5
-48 14 0.5
-48 14 0.5
-48 13 0.5
-48 13 0.5
-48 12 0.5
-49 12 0.5
-49 11 0.5
-49 11 0.5
-49 11 0.5
-49 10 0.5
-49 10 0.5
-49 9 0.5
-49 9 0.5
-49 8 0.5
-49 8 0.5
-49 7 0.5
-50 7 0.5
-50 6 0.5
-50 6 0.5
-50 5 0.5
-50 5 0.5
-50 4 0.5
-50 4 0.5
-50 3 0.5
-50 3 0.5
-50 2 0.5
-50 2 0.5
-50 1 0.5
-50 1 0.5
-50 0 0.5
-50 0 0.5
-50 -1 0.5
-50 -1 0.5
-50 -2 0.5
-50 -2 0.5
-50 -3 0.5
-50 -3 0.5
-50 -4 0.5
-50 -4 0.5
-50 -5 0.5
-50 -5 0.5
-50 -6 0.5
-50 -6 0.5
-50 -7 0.5
-49 -7 0.5
-49 -8 0.5
-49 -8 0.5
-49 -9 0.5
-49 -9 0.5
-49 -10 0.5
-49 -10 0.5
-49 -11 0.5
-49 -11 0.5
-49 -12 0.5
-48 -12 0.5
-48 -13 0.5
-48 -13 0.5
-48 -14 0.5
-48 -14 0.5
-48 -15 0.5
-48 -15 0.5
-47 -16 0.5
-47 -16 0.5
-47 -17 0.5
-47 -17 0.5
-47 -18 0.5
-47 -18 0.5
-46 -18 0.5
-46 -19 0.5
-46 -19 0.5
-46 -20 0.5
-46 -20 0.5
-45 -21 0.5
-45 -21 0.5
-45 -22 0.5
-45 -22 0.5
-45 -23 0.5
-44 -23 0.5
-44 -23 0.5
-44 -24 0.5
-44 -24 0.5
-43 -25 0.5
-43 -25 0.5
-43 -26 0.5
-43 -26 0.5
-42 -26 0.5
-42 -27 0.5
-42 -27 0.5
-42 -28 0.5
-41 -28 0.5
-41 -29 0.5
-41 -29 0.5
-40 -29 0.5
-40 -30 0.5
-40 -30 0.5
-40 -31 0.5
-39 -31 0.5
-39 -31 0.5
-39 -32 0.5
-38 -32 0.5
-38 -33 0.5
-38 -33 0.5
-37 -33 0.5
-37 -34 0.5
-37 -34 0.5
-36 -34 0.5
-36 -35 0.5
-36 -35 0.5
-35 -35 1
-35 -36 1
-35 -36 1
-34 -37 0.5
-34 -37 0.5
-33 -37 0.5
-33 -38 0.5
-33 -38 0.5
